# total_miss=1005 (saved first 1005)
45519853
50741429
51532153
52336061
52614833
53804887
54040163
54302299
54408139
54629543
54722131
54790403
54817121
55250543
55436681
55817353
55936697
56021377
56277607
56334749
56701903
56823397
57353347
57641063
59082053
59435351
59728241
59883451
60801593
60833681
61057901
61200943
61389169
61754227
61812031
62101591
62157779
62314543
62363597
62398759
62467733
62582173
62641123
62788573
62882929
63045539
63084061
63197587
63234991
63254647
63262553
63542263
63592931
64024769
64037069
64112369
64170661
64224547
64399843
64722767
64954301
65121851
65279959
65379071
65450291
65479163
65636387
65702503
65763767
65829079
65874671
66045929
66065029
66179263
66284129
66317387
66495059
66523711
66568903
66576239
66586579
66730973
66967067
67139701
67189093
67735739
67742069
67764799
67941773
67981097
68015569
68060719
68109907
68172311
68429783
68762623
68860723
68955641
68999837
69807433
69831673
69920173
69946091
70074871
70186973
70217659
70359959
70557911
70731083
70741571
70795091
71180177
71274821
71294263
71537159
71637857
71647003
71663923
71675897
71883521
71911891
72088123
72273403
72408181
72502483
72645257
72650107
72801257
72801791
72967487
73002857
73067551
73162039
73234201
73263833
73321387
73359731
73379129
73389193
73417891
73608581
73668821
73676017
73676719
73680749
73761071
73842179
73891393
74004323
74028709
74108261
74153747
74220823
74242801
74268791
74430701
74467049
74505619
74517899
74519941
74531459
74533373
74580931
74824709
75048497
75073991
75220283
75225677
75252601
75362383
75533659
75538081
75668101
75707453
75816893
76002449
76003649
76016609
76018157
76027333
76126261
76138061
76167737
76194619
76212791
76344341
76485371
76528681
76535623
76627457
76742683
76749941
76762379
76861787
76863481
76953479
77002391
77017723
77058407
77098429
77197297
77210183
77235901
77270309
77455363
77524411
77536603
77676259
77711237
77782589
77858927
77884901
77898721
78132319
78136843
78165631
78195553
78292303
78325267
78353179
78367409
78394889
78399067
78419837
78433039
78495449
78497311
78505519
78558097
78605321
78605453
78658313
78749089
78774431
78809581
78839141
78854317
78927811
79001953
79008899
79017091
79018619
79092281
79207459
79333519
79408393
79475177
79529809
79540469
79582717
79605587
79761139
79762069
79770269
79840961
79866277
79907461
80004637
80012501
80043919
80083691
80089879
80094737
80117269
80158367
80164397
80171087
80190589
80203483
80205863
80219521
80228129
80232127
80323547
80425229
80435587
80442767
80552237
80609167
80626363
80635993
80636951
80663887
80738191
80741009
80870501
80889547
80905351
80924387
80935667
81106387
81110059
81144499
81163451
81228869
81274309
81341131
81363047
81423973
81459067
81737603
81763193
81783089
81788393
81872551
81909193
81965063
81975073
81978497
82023377
82029457
82046749
82073377
82114001
82236061
82295879
82331113
82398727
82403749
82467647
82475633
82578553
82589099
82606393
82612963
82701317
82892671
82937783
82948429
82981681
83067451
83118341
83120783
83137499
83177173
83197559
83230709
83283649
83331571
83361559
83361991
83444567
83472443
83479181
83496529
83522389
83533123
83550001
83568571
83572267
83582509
83591099
83611657
83633713
83714903
83727583
83768801
83855803
83875513
84001499
84030209
84164123
84222977
84271657
84337997
84360503
84503099
84525607
84589811
84591761
84600181
84607417
84612631
84663827
84735221
84759973
84763727
84842447
84852569
84934897
85016593
85087481
85142683
85279969
85341341
85364057
85381601
85389979
85415699
85447799
85473919
85489837
85512563
85526927
85547083
85575949
85651519
85667999
85723151
85754507
85754797
85765811
85789117
85837889
85849919
85853869
85871827
85885999
85891051
85923913
85938703
85946369
86037881
86056351
86065087
86084981
86112511
86145887
86151203
86166331
86172403
86223547
86272421
86290559
86293453
86310859
86311339
86338897
86355539
86355889
86387893
86421719
86435483
86455573
86457499
86475119
86489531
86588603
86614993
86632031
86633161
86680219
86737103
86813593
86848747
86909861
86922191
86938759
86958577
86969083
86984089
86991323
87053123
87092779
87096539
87107941
87118033
87140983
87141013
87154757
87183937
87191033
87286091
87334613
87437569
87438047
87455113
87537773
87539063
87546493
87554351
87600701
87621197
87727273
87749939
87758347
87758681
87778087
87787151
87841097
87865577
87897101
88008059
88069651
88099307
88146613
88183897
88204001
88207261
88232887
88253107
88273597
88346437
88348361
88358953
88385257
88414453
88414597
88482853
88489337
88490551
88492603
88492627
88513151
88541209
88566649
88613797
88663921
88684979
88745473
88758041
88764917
88778927
88788449
88845847
88848709
88860749
88878001
88892261
88926121
88960477
88962469
88974791
88981073
88982963
88985647
88992283
89019523
89044001
89086993
89117513
89139901
89164993
89208797
89220871
89224661
89234891
89278009
89286797
89287609
89365729
89405219
89411941
89425351
89439523
89455909
89473009
89511847
89582887
89622667
89628031
89635699
89644517
89645081
89671847
89685493
89727217
89762207
89772391
89823941
89831627
89848433
89907731
89991361
90017881
90019889
90021577
90030643
90059507
90084769
90085661
90141043
90217559
90273739
90292141
90324001
90333911
90410137
90423317
90437827
90441251
90442661
90459617
90489803
90542077
90561859
90588151
90595559
90658343
90671513
90682483
90689783
90692249
90754571
90764771
90802097
90817577
90844331
90880397
90901093
90925501
91003201
91007419
91010431
91070081
91114181
91123679
91138699
91164817
91167397
91192247
91241653
91243099
91258597
91266389
91271819
91328057
91387297
91446233
91446863
91486981
91552991
91555691
91566061
91585883
91589401
91593113
91600849
91625797
91649647
91723729
91733431
91797661
91814911
91824923
91845319
91849981
91860557
91912721
91920739
91976299
92015431
92025883
92029547
92030957
92042989
92064463
92098243
92105137
92109931
92147299
92172833
92175179
92193791
92200441
92254607
92328001
92337631
92339057
92346983
92364409
92369201
92411639
92455589
92456677
92501159
92508721
92524919
92564249
92580953
92590193
92615213
92649503
92680253
92726713
92762701
92838043
92845699
92851991
92863009
92962153
92964869
93023617
93026897
93029399
93030313
93097073
93105839
93119657
93238361
93259469
93261787
93273863
93288463
93298109
93313733
93333809
93354577
93357763
93364463
93376663
93396337
93435427
93450023
93484619
93536857
93579329
93583927
93626381
93630293
93643183
93661991
93663469
93799463
93809381
93849221
93857941
93874849
93879869
93896743
93947753
93987721
94018163
94026607
94045709
94049569
94066649
94078157
94081919
94103749
94119931
94294951
94313753
94325423
94358839
94364177
94433797
94471253
94509983
94527023
94546787
94553009
94642739
94646933
94651429
94659473
94671943
94685209
94689083
94725061
94774187
94776761
94827703
94829711
94846223
94850087
94854931
94897753
94921627
94955617
94968199
95038991
95110871
95149403
95214851
95232421
95235587
95314067
95340881
95365007
95417389
95463337
95463859
95465411
95475271
95488717
95500051
95504377
95506393
95555771
95569963
95602489
95641841
95656427
95672881
95684947
95689679
95711311
95717933
95725067
95738221
95751263
95841173
95871247
95932429
95953573
96001019
96027409
96030349
96033929
96109837
96119053
96130219
96138121
96143039
96144283
96160807
96170677
96189407
96211847
96228269
96232217
96241433
96244051
96255701
96256697
96277891
96283391
96296257
96320369
96428051
96441707
96446111
96463711
96476839
96481907
96501929
96540187
96598363
96608203
96628591
96642509
96686053
96708539
96712523
96725009
96746911
96771853
96805117
96865583
96882637
96888983
96895661
96923027
96962507
97002167
97054313
97067891
97094303
97098401
97114229
97126577
97140683
97148707
97159897
97172743
97187171
97206271
97229129
97256989
97265869
97267361
97313417
97354267
97354681
97356937
97383383
97383899
97442311
97455383
97482439
97497163
97530089
97554473
97562501
97565539
97568803
97571699
97577287
97586659
97629281
97650271
97669483
97687489
97711363
97738639
97810087
97843661
97846421
97851799
97855007
97866539
97873561
97875367
97923563
97952273
97993003
98014121
98015503
98015683
98039537
98060761
98093773
98102603
98106461
98112601
98129183
98142787
98165443
98241917
98267881
98293381
98306477
98317753
98358151
98359207
98368279
98380757
98401711
98452247
98453393
98460151
98493419
98539619
98585789
98647229
98656781
98665003
98674337
98694853
98746309
98771707
98780249
98791201
98805437
98916953
98976223
99032173
99045101
99062147
99080017
99090391
99096091
99103429
99119549
99119939
99120253
99132119
99139837
99165263
99197083
99228641
99246131
99253493
99256411
99257189
99260411
99269957
99279659
99286337
99296501
99340727
99347593
99388243
99403123
99427667
99445477
99448201
99449827
99452831
99454699
99491459
99495119
99513643
99520769
99523651
99546547
99555437
99559777
99562517
99567647
99570157
99587951
99606121
99616021
99630491
99633077
99662947
99665921
99699337
99739279
99780433
99782323
99794609
99805261
99811891
99831841
99867307
99893953
99905011
99967103
99969581
99980501
99988139
99994579
