# total_miss=116 (saved first 116)
601796621
623311457
643387643
662873257
681436099
681546791
683771293
689396777
713287703
713373439
728012521
732626861
734325283
741731941
757651613
757984541
763061297
765642767
769062013
781804489
787155547
789375149
791218907
793304041
807626857
816012581
820405891
821922583
823133417
827181919
831891997
842189221
842945687
844889923
845753123
847967177
854743037
864797561
866770123
869807761
871667683
875468371
877232347
880217369
881332583
881510219
881634893
882432829
882505049
890701709
895086163
899385811
901696181
903544171
904089253
904697251
905263351
906557653
909143311
909264547
909398053
910321261
911145559
914683247
915757981
916861481
917085817
918473081
918945851
919051933
922235539
925685087
926776679
932103787
933012401
938452873
942342329
942732673
944574881
947263697
948088397
949154309
949618961
952814311
955199393
957408521
957450127
958494967
959845333
960372683
961693919
962513813
962527177
963217159
966002447
966825337
967582859
967948769
969423509
969940043
971266459
972788387
975403687
975857131
977645891
977890621
980333983
983608849
984477391
987048061
987426533
989504423
990170843
990545011
993798493
997156597
