2422391
2520821
2532107
2599573
2705819
2823167
2835163
2850079
2874449
2876527
2880329
2880809
3039313
3081037
3087703
3100169
3139007
3214327
3237947
3260431
3277217
3328849
3353411
3362441
3365213
3369187
3378499
3400823
3408787
3418001
3445703
3533021
3541229
3566461
3596251
3605659
3611189
3617363
3620161
3620753
3623143
3630223
3699337
3700927
3709109
3736951
3751597
3759011
3769247
3778051
3785641
3795439
3802471
3803581
3809957
3815431
3818267
3819037
3829351
3834227
3860369
3883211
3887227
3914783
3949469
3958523
3972439
3974351
3985409
3988351
3999659
4000813
4007219
4014503
4018373
4020151
4025083
4028603
4029031
4030813
4036009
4052099
4052407
4055647
4079059
4081949
4102331
4126757
4126817
4147411
4156651
4158313
4158893
4177379
4190957
4195703
4205923
4215641
4219967
4229933
4234103
4235549
4237993
4248631
4264487
4282879
4284871
4305271
4316561
4318879
4347757
4349311
4357259
4363291
4366709
4373893
4379161
4382737
4400801
4401121
4402501
4406551
4408499
4417591
4419073
4419407
4419691
4427119
4430051
4439453
4439503
4442363
4447117
4460761
4477133
4483807
4493837
4496633
4496717
4499567
4507361
4510393
4511543
4513057
4513679
4516517
4524889
4530943
4534111
4534549
4553137
4556777
4563457
4566997
4567289
4574789
4575749
4581287
4581833
4582321
4586347
4588499
4589933
4592911
4596143
4600637
4603919
4609411
4610381
4612987
4623043
4624537
4632781
4634837
4636967
4638287
4640501
4642621
4650137
4652689
4653697
4661053
4661983
4662263
4663643
4670207
4676333
4676437
4682789
4685333
4688707
4689661
4689991
4699949
4700351
4704437
4711657
4717753
4718201
4723351
4741441
4745029
4748407
4748477
4765613
4774199
4774667
4778827
4782301
4784629
4789877
4796111
4797469
4814231
4814651
4815583
4815677
4819729
4819943
4833821
4839691
4850641
4859243
4862609
4867691
4868359
4879709
4889923
4891247
4892827
4895263
4901101
4901359
4908653
4913131
4914307
4919333
4919581
4921339
4923697
4924189
4931587
4936993
4944053
4944209
4945231
4946009
4946927
4950139
4951421
4956221
4957691
4958903
4965781
4976843
4977689
4985801
4987271
4991803
4993949
4994471
5002537
5006011
5006021
5010667
5014381
5016521
5019331
5024491
5026789
5032691
5035189
5043461
5045137
5050187
5053613
5058761
5065393
5065961
5067583
5068571
5071837
5084333
5085383
5085947
5090171
5091367
5094821
5099197
5101627
5104747
5110097
5112713
5113211
5113781
5114393
5116897
5121161
5122759
5125669
5127071
5127527
5132821
5135743
5136841
5146633
5147047
5147959
5148761
5150351
5150407
5152447
5153549
5157661
5158451
5163451
5168923
5170513
5180743
5181353
5182963
5187617
5188649
5190607
5197601
5199529
5210311
5210753
5213827
5219801
5221793
5224691
5227919
5231923
5237191
5237311
5239393
5241349
5243911
5244469
5253359
5255137
5258579
5258807
5259731
5268743
5272249
5276657
5286947
5291309
5301301
5302097
5303209
5304337
5310611
5313173
5321317
5324251
5325919
5328359
5330803
5333203
5333249
5333981
5335567
5337539
5342153
5344711
5344813
5345017
5346613
5349191
5349983
5351803
5354311
5354581
5355101
5355179
5357969
5363933
5369461
5374123
5378089
5384833
5384993
5387303
5389931
5392703
5395693
5396593
5401853
5405011
5406103
5411807
5418143
5418949
5422927
5423557
5423897
5424103
5430589
5430653
5435389
5438551
5438753
5439527
5445353
5453143
5458121
5461993
5468233
5478337
5488949
5492219
5495179
5500463
5506307
5522219
5526097
5527787
5537761
5538223
5541799
5551433
5559331
5563381
5570449
5572709
5572759
5578813
5582231
5582959
5586083
5587139
5592163
5595749
5598233
5603903
5605493
5608123
5610443
5612143
5612609
5615551
5616389
5623193
5631007
5636359
5642597
5644939
5645713
5646049
5646419
5647823
5649557
5650507
5659343
5661319
5661559
5663513
5665531
5666131
5668591
5669221
5670989
5675377
5676109
5683957
5684771
5687389
5692121
5698951
5704891
5705309
5709923
5711477
5717161
5719381
5720927
5725129
5726209
5728559
5750153
5753369
5757281
5757989
5759077
5760371
5765093
5765653
5767673
5769943
5772311
5777237
5777509
5780393
5782307
5783177
5786761
5789999
5792459
5796811
5797139
5803033
5803373
5803657
5806769
5807957
5810989
5811907
5813603
5818619
5819683
5825009
5825447
5825681
5831141
5833207
5834953
5836673
5846903
5849869
5852653
5865347
5865599
5866379
5867791
5868019
5871673
5873899
5874023
5875033
5876579
5876743
5881793
5884943
5885203
5888039
5891113
5891317
5891449
5893507
5895697
5900123
5900407
5900681
5912293
5912899
5918953
5919911
5924977
5927269
5934197
5934221
5935913
5938363
5941207
5942897
5946469
5949431
5951789
5952553
5952977
5953853
5954731
5954989
5955023
5962283
5963411
5964191
5970101
5971151
5977501
5977871
5980433
5983391
5983693
5984917
5987083
5988371
5988379
5989751
5992309
5994607
5995513
5996323
5996657
5998393
5998417
6000157
6001997
6004309
6007879
6008929
6009911
6009919
6011287
6011311
6012613
6014581
6016321
6016519
6021011
6021887
6025469
6025681
6026341
6028639
6029209
6029671
6031471
6033403
6034549
6039139
6039797
6041549
6043139
6048683
6050591
6051271
6051361
6052139
6054071
6055843
6057199
6058519
6059719
6059723
6061511
6064381
6065621
6067693
6067799
6069857
6074063
6075479
6076339
6078581
6079127
6080311
6084977
6086963
6094657
6095629
6095977
6097681
6103007
6107867
6109967
6110443
6112987
6114707
6117203
6120467
6123877
6128011
6129649
6131551
6137371
6139121
6145481
6146971
6149041
6149243
6153053
6158729
6163279
6163433
6163483
6163693
6163739
6164833
6164887
6165673
6166379
6167621
6168077
6168691
6169859
6169901
6172657
6176953
6178639
6178759
6182149
6184741
6185369
6185407
6187751
6190069
6191837
6193123
6196081
6197771
6198239
6198391
6198679
6201037
6202373
6202523
6203357
6203641
6204901
6205327
6207689
6208067
6210983
6211747
6215393
6216293
6218227
6219847
6221867
6221933
6223783
6223939
6224447
6227821
6228073
6228857
6230057
6235049
6237313
6237397
6238721
6239537
6239839
6240407
6240419
6240791
6241033
6242363
6243049
6243907
6245557
6246931
6248699
6250261
6253711
6256127
6258547
6258971
6260339
6264673
6265849
6266459
6268747
6270799
6272977
6273763
6279181
6280237
6284683
6285557
6287581
6288781
6291403
6293477
6294307
6295577
6296729
6298933
6301069
6301073
6301829
6304057
6310943
6311807
6313711
6314809
6315139
6316309
6316483
6317611
6319657
6319867
6324259
6326389
6326699
6327203
6329317
6330617
6331153
6332159
6334019
6334747
6334879
6334919
6335863
6338027
6341057
6343213
6343339
6343657
6343759
6347059
6351461
6353377
6356083
6356087
6357877
6360727
6362189
6364739
6365377
6367967
6368927
6369569
6370261
6370271
6370523
6372361
6373511
6373699
6374833
6375107
6379937
6380149
6380189
6380467
6381761
6382847
6384943
6385943
6386227
6386923
6387217
6390047
6390211
6393097
6394709
6395833
6395861
6398983
6400451
6405391
6408443
6408823
6410909
6411331
6411763
6411971
6413569
6415861
6416819
6421843
6426041
6427433
6434489
6438637
6442129
6447059
6447109
6448531
6449021
6449431
6451859
6454709
6454961
6458293
6458603
6459361
6459491
6460547
6460919
6462571
6465023
6466193
6466529
6466771
6468419
6469303
6469313
6469847
6473011
6473029
6473099
6473323
6473443
6475457
6477181
6480127
6481841
6482867
6487157
6488327
6488809
6489667
6489893
6490031
6490079
6502733
6504419
6505043
6506161
6506779
6507539
6508511
6509341
6509843
6519283
6520777
6521041
6522371
6525691
6529847
6530911
6531181
6532507
6535093
6536597
6538201
6538711
6538757
6545477
6546049
6546167
6546647
6548911
6549119
6549583
6550891
6552919
6553213
6559613
6559957
6561437
6562057
6564323
6565721
6566827
6567307
6571153
6574093
6575879
6583351
6583531
6583919
6589411
6591367
6591553
6596431
6596549
6598439
6598639
6600067
6600299
6601039
6601601
6601633
6605381
6607019
6607567
6607957
6610343
6616777
6619369
6621413
6622493
6623413
6624017
6627767
6630859
6634643
6642863
6644879
6646859
6649861
6650737
6655199
6657359
6657731
6662417
6662993
6663911
6665959
6668839
6669521
6671047
6673607
6676441
6678289
6682583
6685823
6688267
6689233
6690611
6691147
6691457
6693569
6695233
6697199
6697589
6698009
6700039
6700741
6702239
6702343
6706351
6708913
6712007
6714989
6717899
6720403
6720821
6721843
6722563
6723293
6727181
6730121
6731927
6735307
6736451
6736733
6739981
6741023
6743333
6743609
6746903
6746959
6747187
6747781
6747833
6748321
6748433
6752173
6757393
6757573
6758881
6761939
6766027
6767051
6769099
6771397
6772837
6773033
6773237
6774133
6774343
6775529
6777181
6778351
6782431
6784433
6785561
6786643
6790997
6792403
6794213
6794327
6795221
6801217
6801653
6802519
6805429
6805471
6805499
6805663
6807391
6808873
6809191
6811873
6813949
6814183
6816937
6817379
6819103
6820607
6820721
6821597
6832253
6835627
6836339
6837217
6838207
6838703
6838943
6840287
6843289
6845413
6847283
6850703
6855137
6856039
6857471
6863797
6867733
6869861
6870403
6872287
6873721
6873743
6876329
6878789
6883343
6884063
6884789
6886141
6886963
6888941
6894211
6899461
6901109
6903007
6903563
6904721
6906677
6909257
6911053
6911189
6915589
6917857
6919327
6919501
6919687
6919769
6926119
6926551
6926951
6929191
6929333
6930487
6931411
6934387
6935053
6938189
6938293
6942799
6943661
6943919
6944513
6946789
6950639
6952819
6954127
6957791
6958031
6959327
6959803
6960739
6965857
6967549
6967757
6971161
6973709
6973721
6975343
6976441
6978133
6978221
6979781
6980461
6981943
6982057
6982601
6983261
6984917
6986489
6988643
6989509
6991133
6992233
6993257
6994303
6997163
6999131
7003783
7004401
7008919
7010921
7011877
7013159
7013213
7014373
7014533
7016333
7019851
7022333
7024109
7030313
7031051
7031411
7031743
7032037
7038407
7040861
7042769
7043783
7044259
7046489
7047823
7048451
7048469
7048781
7049597
7049621
7051841
7051943
7056029
7056557
7058419
7059487
7060751
7061941
7063267
7063499
7064663
7064927
7065173
7068463
7068623
7071073
7072873
7075183
7075777
7076827
7082833
7083589
7086661
7087813
7091671
7098731
7098737
7099913
7100381
7100971
7101097
7102091
7108487
7108819
7110511
7112297
7113517
7114489
7116367
7122187
7123513
7125043
7125787
7125949
7125971
7127027
7128767
7131199
7133963
7135423
7137623
7139971
7140113
7140457
7141177
7142173
7143691
7144843
7147643
7148357
7149221
7151189
7151489
7151897
7152323
7156333
7156621
7157107
7157933
7158493
7158631
7159517
7161251
7162999
7165663
7167059
7168211
7168613
7168813
7173029
7174987
7175761
7176371
7178393
7178609
7179047
7182283
7184113
7184629
7186897
7189603
7190783
7196209
7197583
7197857
7198601
7200733
7202477
7203379
7204009
7204163
7204793
7206259
7206307
7207867
7210897
7211081
7211447
7212841
7212973
7213229
7213709
7213771
7214323
7215011
7215167
7217887
7220497
7220849
7221661
7222781
7222981
7223243
7223731
7224089
7229059
7231247
7231501
7231871
7233337
7233481
7233829
7233893
7234457
7234709
7235177
7236389
7236707
7237819
7237949
7238761
7240139
7240361
7241363
7242233
7242847
7243261
7243771
7243903
7246093
7251311
7251791
7251983
7255187
7255727
7257253
7257577
7257799
7259723
7261459
7261627
7261979
7262459
7263287
7263829
7266299
7266851
7268383
7269139
7269869
7270457
7271221
7272971
7273283
7273691
7273759
7275017
7275773
7275923
7276277
7277537
7281257
7282589
7283579
7283789
7284413
7286053
7286621
7288331
7290853
7293491
7294373
7296103
7298663
7301513
7302443
7305239
7305757
7306711
7307207
7311287
7315141
7315667
7316873
7317523
7319483
7320667
7321757
7325503
7326607
7327037
7329013
7331377
7332659
7333687
7334111
7335047
7335079
7335277
7335299
7335547
7335617
7335967
7336097
7337909
7338077
7340639
7340687
7340881
7342757
7343741
7346281
7348787
7350773
7351261
7351783
7352627
7353259
7353457
7355323
7355861
7356689
7358009
7358843
7358861
7358903
7358941
7359809
7360147
7360739
7362319
7362643
7363409
7363579
7364099
7365487
7365767
7369711
7371577
7372997
7374331
7374403
7374709
7375441
7376449
7377373
7379027
7382863
7384301
7384813
7385069
7385969
7388467
7389661
7389961
7391953
7392967
7393873
7394483
7394867
7395569
7399057
7399751
7400303
7400461
7401049
7401539
7402169
7402441
7402649
7402709
7404431
7404647
7404977
7406137
7406891
7408703
7410883
7412183
7414093
7415641
7417849
7420213
7420913
7421093
7423363
7423417
7424401
7426681
7428917
7430239
7431353
7432181
7432277
7433549
7434703
7435117
7438427
7441657
7442341
7442507
7444559
7445467
7445749
7446337
7446743
7446853
7447123
7449341
7449853
7450213
7451441
7452337
7454563
7454851
7455743
7457591
7459493
7460699
7460741
7462199
7463881
7464563
7464881
7466323
7468061
7468807
7474307
7475389
7475459
7477069
7478717
7478941
7481503
7482679
7485227
7488059
7489829
7489939
7492753
7492831
7493587
7496917
7497703
7498703
7499939
7503959
7504099
7504381
7505543
7506181
7509379
7511129
7511219
7511347
7511891
7512613
7512731
7514701
7515143
7515499
7515971
7518767
7519493
7519891
7520791
7521221
7521307
7521659
7522231
7523041
7524107
7524469
7524719
7524721
7525513
7527029
7527283
7527449
7527523
7530377
7530883
7532251
7533391
7533803
7535917
7535963
7536167
7536509
7537181
7538359
7538647
7539089
7540277
7540459
7540823
7541509
7541839
7541903
7542053
7542253
7542859
7543363
7545169
7545269
7548271
7549001
7549753
7551191
7552583
7553419
7554523
7555049
7555759
7555819
7555843
7555883
7556711
7556909
7557289
7557941
7559239
7559599
7559837
7560661
7561391
7562053
7562369
7562693
7563323
7563629
7565869
7568051
7569469
7570921
7571567
7571891
7572833
7572919
7573921
7575899
7576483
7577551
7577663
7581103
7581157
7582517
7583963
7585393
7587367
7590887
7591007
7591427
7591481
7591723
7592063
7593721
7597553
7597769
7599623
7601453
7601519
7602151
7605193
7605821
7606019
7606969
7607209
7607359
7608241
7609279
7610807
7611101
7612273
7614511
7617503
7617559
7619533
7619921
7620443
7620757
7620979
7621639
7622291
7622353
7623113
7623689
7624003
7624403
7624783
7625273
7625363
7626901
7627273
7629043
7631401
7631489
7632047
7632151
7634119
7635053
7636147
7636583
7636787
7637341
7638167
7638877
7639153
7639771
7641913
7643687
7644293
7645667
7645691
7647589
7649177
7649459
7649471
7649977
7650299
7651907
7653353
7654571
7654847
7655489
7655647
7655939
7656059
7656673
7656863
7657003
7657313
7657807
7658017
7658401
7660823
7661749
7663093
7665197
7665347
7665979
7666357
7668113
7668161
7668629
7669579
7670269
7671023
7672513
7673779
7675337
7675847
7676269
7676507
7677991
7678031
7678309
7680469
7681367
7681507
7684319
7684837
7685719
7686391
7687217
7687483
7688399
7690091
7690301
7691419
7691603
7693417
7693717
7694437
7695269
7696369
7696457
7696747
7697539
7698151
7698869
7700629
7700923
7702397
7705307
7707923
7708241
7708937
7710449
7710569
7710851
7713479
7716673
7716847
7716889
7717547
7718003
7718257
7719769
7720187
7720241
7720507
7720621
7721377
7722653
7722851
7723297
7724597
7725427
7726897
7728031
7729079
7729507
7733599
7734589
7734707
7735577
7737239
7739449
7740371
7741387
7742113
7748921
7748927
7748981
7749479
7750313
7750901
7752137
7752517
7752571
7753621
7753787
7753873
7754077
7754447
7757017
7757723
7759699
7762199
7763641
7764073
7765391
7765643
7766537
7767493
7768109
7770121
7772339
7773133
7773449
7773487
7773877
7774231
7774303
7774853
7776403
7776929
7777337
7777447
7777589
7778167
7778791
7779763
7780243
7782659
7782773
7783463
7783829
7786619
7788619
7790677
7793393
7794209
7795237
7795721
7795763
7796699
7796851
7798939
7801679
7801757
7801979
7804297
7804519
7808873
7812523
7812953
7813087
7813111
7813907
7814179
7815371
7815989
7816169
7816439
7817071
7819751
7820089
7821721
7821917
7821937
7822979
7823183
7823357
7823471
7823653
7823671
7823759
7824469
7824721
7825121
7827329
7828747
7828783
7830211
7831297
7831357
7831511
7831997
7833893
7834097
7834699
7835593
7836713
7837169
7839473
7839809
7843229
7844303
7844393
7845389
7846963
7849967
7851037
7851043
7851461
7853233
7854559
7855109
7858897
7859801
7861111
7863253
7866689
7866811
7868821
7869721
7869919
7870019
7870241
7871251
7871287
7873661
7873699
7874431
7875451
7875583
7877687
7877773
7878643
7878809
7879727
7880143
7881331
7881647
7881919
7883713
7883741
7884197
7885781
7886051
7887773
7887821
7888169
7893269
7893629
7893631
7893653
7895033
7895663
7896631
7899029
7899071
7899587
7901353
7902589
7904417
7906823
7908437
7910129
7910519
7912507
7913011
7914383
7915157
7915331
7916413
7917337
7918093
7920707
7920791
7923449
7925789
7927459
7927607
7928021
7928573
7928903
7929143
7929953
7932601
7933547
7934867
7936891
7937291
7937933
7938163
7939339
7941319
7942733
7943443
7944733
7945039
7945229
7946359
7949167
7949233
7950871
7953689
7954279
7955359
7955693
7955891
7956259
7957237
7958471
7959241
7959527
7959793
7959851
7960003
7960399
7961147
7961669
7962161
7963247
7963343
7963873
7964921
7965677
7967389
7967923
7969309
7970327
7972219
7972669
7973137
7976627
7977521
7977559
7978547
7978753
7980331
7981139
7982267
7983119
7983161
7985023
7985147
7985777
7987289
7987591
7989203
7989493
7991747
7991993
7993099
7994093
7995263
7995269
7995877
7995931
7996333
7996823
7997903
7998047
7998509
7998701
7999393
7999613
8003167
8003497
8003539
8004181
8004853
8006057
8006989
8007709
8009147
8010407
8010853
8012707
8012951
8013107
8016049
8016403
8018279
8018497
8018911
8020993
8021029
8023627
8023837
8024603
8025317
8025701
8026309
8026877
8030053
8031943
8032729
8034031
8034049
8034989
8035021
8036629
8038663
8038883
8040413
8041711
8042569
8043187
8043271
8043487
8043877
8044123
8045353
8045657
8046827
8047643
8047807
8048081
8051167
8051501
8051803
8052179
8052853
8054239
8054441
8056337
8056493
8057087
8057227
8057827
8057927
8059279
8059283
8060053
8060609
8061173
8061847
8062001
8063647
8063723
8063927
8063963
8064761
8065117
8065243
8065751
8065867
8067643
8067949
8068171
8068681
8068843
8070331
8070889
8071507
8071517
8071621
8074057
8075563
8077417
8078131
8079527
8081221
8081399
8081963
8083937
8085307
8085481
8086861
8086873
8086999
8087557
8088953
8089681
8090267
8091803
8092913
8093537
8095063
8095531
8095589
8096533
8096993
8097289
8097961
8099561
8099713
8101297
8103079
8104141
8104337
8104793
8104823
8105219
8105401
8105561
8107271
8108563
8110103
8110591
8111659
8111729
8112193
8112787
8114531
8114563
8116243
8116519
8116643
8116799
8117297
8117429
8118653
8120363
8120573
8121793
8124481
8124563
8124709
8125097
8125207
8125391
8126423
8127247
8127871
8128423
8129351
8129501
8129567
8130989
8133043
8134187
8135489
8140829
8143657
8143801
8145919
8146309
8147759
8149079
8149457
8151397
8153473
8156609
8156969
8157257
8157949
8158021
8158757
8159819
8160613
8162017
8163143
8165873
8165879
8167111
8171851
8172707
8172973
8174087
8174563
8175499
8176409
8177881
8178413
8179511
8179777
8180423
8180741
8181049
8182589
8184053
8184767
8185817
8189681
8190131
8190367
8191609
8191849
8192267
8193079
8193247
8194063
8195017
8195339
8196017
8196029
8197331
8197619
8198027
8199271
8199349
8199413
8200427
8200537
8200877
8201033
8201821
8202767
8203337
8203831
8203901
8204921
8205553
8206511
8206789
8207189
8208071
8208197
8208917
8209379
8210837
8212471
8214307
8217017
8218229
8218831
8219777
8222483
8222549
8223113
8223133
8224121
8224211
8224591
8224669
8224781
8225699
8226143
8226949
8227861
8230543
8231303
8231947
8232899
8234297
8234761
8234867
8235239
8238067
8238619
8239349
8240083
8240131
8241001
8242519
8242733
8243033
8243167
8244293
8245807
8247241
8247647
8247697
8247949
8248727
8249699
8250037
8251493
8251949
8252971
8256197
8256569
8256643
8257357
8257987
8258479
8258837
8259143
8260111
8261327
8261567
8262061
8264819
8267471
8269171
8270221
8270239
8270699
8271077
8271113
8271443
8274493
8274883
8275459
8276029
8276071
8276923
8277163
8277271
8278313
8278931
8279389
8279423
8279699
8280287
8280787
8282873
8284469
8284841
8285059
8285903
8287421
8288213
8288729
8288899
8288927
8289539
8289899
8290939
8291233
8291483
8292301
8293471
8295163
8295467
8297017
8297789
8299153
8300863
8300993
8304467
8305181
8306143
8306323
8306957
8307037
8307791
8311217
8311309
8311697
8312281
8312651
8313791
8313871
8314487
8315143
8315221
8315773
8316799
8318533
8319691
8320387
8321983
8323253
8324219
8325269
8325841
8326433
8326931
8327303
8328013
8329709
8332267
8332409
8332663
8333807
8334241
8334481
8336071
8336777
8336849
8337103
8337859
8338849
8339621
8339657
8340403
8340877
8341843
8342993
8344121
8347309
8348689
8349637
8350079
8350697
8352413
8354237
8354257
8355043
8357603
8357707
8357731
8359277
8360717
8361389
8361449
8361851
8362477
8366573
8366681
8367397
8367673
8369269
8369353
8369359
8369819
8370679
8371087
8372137
8372321
8372599
8374153
8374439
8375149
8375261
8375569
8375803
8375891
8375893
8375929
8378369
8378809
8379461
8379689
8380543
8384071
8384293
8385463
8387513
8388841
8389159
8390471
8390549
8391023
8391739
8392063
8393353
8395243
8396981
8398217
8398801
8400419
8402711
8404463
8405647
8405951
8407331
8407391
8408009
8408377
8408707
8410583
8411993
8412499
8413073
8413921
8414293
8415193
8415419
8415703
8416081
8416621
8417623
8418913
8419207
8419727
8420977
8422501
8423057
8423113
8423353
8423549
8423953
8424341
8425519
8427721
8428163
8428601
8428663
8430391
8431103
8431327
8431453
8431559
8433263
8433959
8439049
8439199
8439241
8439709
8440031
8440331
8440429
8441749
8442767
8443529
8443583
8444593
8445659
8445841
8447917
8448577
8448701
8448719
8449877
8451613
8452931
8453567
8456027
8456761
8457247
8457643
8459471
8459839
8460967
8462747
8463761
8464661
8464681
8464957
8465243
8465533
8465761
8466281
8467253
8467307
8467903
8468303
8469871
8470393
8470421
8472631
8473273
8473351
8473903
8474027
8474159
8474317
8477099
8477219
8477311
8480819
8483179
8485903
8485969
8486809
8487239
8487631
8487751
8487887
8490023
8491099
8491319
8491363
8491919
8491933
8492111
8492153
8494147
8494963
8496749
8497303
8498423
8499383
8501813
8502749
8503631
8503751
8504299
8506543
8507101
8507783
8508719
8509973
8511527
8512111
8512181
8512421
8512787
8514707
8515237
8515723
8515877
8516701
8516743
8516987
8521223
8521781
8524423
8524591
8524639
8524981
8525711
8525977
8526409
8527499
8531219
8531309
8531381
8532071
8532787
8533397
8534131
8534243
8534651
8534927
8536219
8536351
8537201
8537657
8537839
8537923
8538227
8538667
8538679
8539033
8539213
8539847
8541163
8541521
8541721
8542621
8543279
8543957
8544797
8545643
8546633
8547029
8547523
8547863
8548559
8550653
8554031
8554619
8555291
8555447
8555791
8556199
8557303
8558749
8559631
8560663
8561893
8562707
8563859
8563987
8564099
8564167
8564221
8564317
8564837
8566123
8566211
8567281
8567311
8567833
8568211
8568583
8568913
8569013
8569159
8569541
8570161
8570209
8570479
8570719
8570813
8570831
8571047
8571151
8571881
8571919
8572033
8572243
8572367
8573017
8574277
8575981
8576681
8576767
8577161
8577337
8577763
8578093
8578181
8581007
8581289
8582111
8582137
8582183
8582741
8583919
8584531
8585387
8585429
8586013
8586103
8586121
8586191
8586761
8587757
8587897
8587963
8589487
8589521
8589689
8590273
8590643
8590811
8590997
8592949
8593957
8594921
8595017
8595151
8595329
8596039
8596171
8596813
8599223
8599897
8600101
8600233
8600947
8601083
8601289
8601947
8602777
8604467
8604613
8604667
8604863
8606137
8607377
8608147
8608261
8608333
8608837
8610061
8610601
8611139
8611331
8611789
8611987
8612347
8612689
8613851
8614549
8616019
8616989
8620109
8620307
8622767
8625121
8625821
8627149
8630983
8631283
8631331
8631659
8632297
8632523
8634671
8634863
8635043
8635621
8635951
8636633
8638237
8638661
8638733
8639177
8641429
8641909
8643997
8645029
8645113
8645257
8646103
8646487
8647183
8647273
8649371
8649479
8649847
8651017
8651191
8651693
8651803
8654099
8654773
8655403
8655611
8658277
8658673
8659363
8659741
8660623
8660693
8661089
8661623
8661673
8662109
8662217
8662583
8662729
8663023
8666747
8667271
8668553
8668813
8669239
8669333
8671907
8672117
8675767
8676211
8676533
8679551
8681159
8682133
8683061
8683163
8683331
8686291
8686651
8687429
8687479
8688469
8689279
8692289
8693159
8693753
8694031
8694197
8695399
8696521
8696867
8697389
8697697
8697943
8698493
8701729
8702431
8703889
8704303
8704313
8704711
8704981
8705639
8705843
8706007
8706073
8706479
8706743
8708093
8708701
8708741
8709067
8710109
8714339
8714789
8715961
8717021
8717531
8717881
8717981
8718469
8720177
8721607
8722033
8723921
8725141
8725429
8726801
8728943
8728987
8729411
8729837
8730857
8730977
8732071
8733157
8733511
8733827
8733979
8735449
8736037
8738843
8739187
8739331
8741233
8746679
8746921
8748367
8749891
8751319
8751563
8752573
8752993
8753579
8754181
8755891
8756333
8756533
8756689
8758931
8759357
8759557
8760107
8760187
8760727
8761019
8761457
8761601
8762849
8762951
8763841
8763971
8764831
8765797
8766223
8766269
8766503
8767067
8768891
8769547
8771383
8772479
8773393
8775163
8775457
8776697
8777011
8777033
8777051
8777189
8778041
8778043
8779139
8781109
8781659
8781767
8782229
8782243
8783249
8783279
8783561
8784301
8784469
8784739
8787673
8788957
8789369
8789941
8790193
8790247
8790653
8791273
8791847
8792087
8792387
8794153
8794963
8795183
8795473
8797289
8797363
8797541
8797597
8799587
8800523
8801209
8801543
8801999
8802061
8803303
8803579
8804017
8805637
8805961
8805997
8807353
8807969
8808539
8809439
8809513
8810099
8810183
8810891
8811373
8812249
8812967
8813921
8814853
8815577
8815579
8816083
8816959
8817323
8817481
8818673
8818879
8819527
8819539
8819647
8820223
8820269
8820947
8820961
8821427
8822017
8822239
8822423
8822623
8825207
8827579
8828563
8828641
8830813
8831833
8832149
8832451
8836427
8837341
8838289
8839837
8840129
8840437
8840581
8840987
8841073
8841467
8841697
8842403
8843503
8844421
8844779
8845399
8845901
8845937
8846093
8847563
8849671
8850329
8852729
8853401
8853739
8854607
8854697
8855569
8857379
8859559
8859967
8860297
8860861
8861561
8861683
8862041
8863249
8863259
8865113
8865209
8866157
8867003
8867179
8867291
8869279
8871173
8871719
8872051
8872387
8872819
8873219
8873591
8873713
8877593
8877703
8878033
8878277
8879111
8879179
8879659
8879743
8880073
8880413
8882191
8883421
8884339
8886077
8886407
8886929
8887159
8887271
8887367
8888083
8888137
8888497
8892041
8892487
8892601
8893399
8893553
8894423
8895517
8896183
8898163
8899019
8899571
8900051
8900179
8900863
8902037
8902471
8902483
8902711
8902877
8902991
8903023
8903707
8906089
8907011
8907517
8908201
8908979
8909237
8909359
8909963
8910763
8912591
8913563
8913791
8914181
8914187
8914319
8914883
8915213
8915359
8915741
8916067
8916121
8917229
8917697
8918131
8919191
8919217
8919689
8921669
8921771
8923223
8923511
8923613
8924441
8925797
8925841
8926031
8926039
8926363
8927423
8927927
8929003
8929447
8929561
8929783
8930123
8930569
8931683
8931799
8932601
8932631
8933651
8934451
8935361
8936651
8936737
8937881
8938207
8938729
8938859
8939057
8939321
8939369
8939419
8939591
8940017
8940319
8940601
8943743
8944517
8944597
8945033
8945353
8945819
8946083
8946151
8946827
8947903
8948041
8948123
8948207
8949253
8949839
8949869
8951693
8951857
8952161
8952623
8953943
8954051
8954641
8956879
8957141
8957681
8958553
8961479
8962139
8963701
8963873
8966227
8966609
8966821
8967319
8967737
8968727
8969237
8969803
8970769
8970803
8971441
8971447
8971799
8972177
8972459
8976179
8978699
8979293
8979427
8980171
8980451
8982461
8982893
8983687
8983937
8984021
8984791
8985259
8986381
8986949
8987507
8988241
8989493
8990831
8991533
8992637
8993921
8995039
8995211
8995619
8995963
8996321
8997113
8999161
8999467
9000163
9000983
9001171
9002171
9003487
9003779
9003803
9004249
9004669
9005047
9005497
9006433
9006581
9006649
9006971
9007223
9008767
9009977
9010139
9012149
9013327
9014237
9014249
9017189
9017537
9019447
9021553
9021931
9022589
9023561
9023647
9023983
9024667
9025271
9025801
9026077
9026119
9026357
9027259
9028847
9029081
9031597
9032671
9032911
9033839
9037397
9039143
9039419
9039659
9040631
9040819
9042503
9042619
9042881
9043361
9045061
9045431
9045983
9046399
9046487
9046951
9047399
9049553
9050939
9051407
9054763
9055147
9055439
9056023
9057701
9058087
9058187
9059461
9060379
9060419
9061441
9061483
9062519
9063797
9064427
9065009
9065503
9066271
9066359
9066367
9066809
9067189
9067211
9067243
9067259
9067571
9067781
9068893
9068911
9069941
9070783
9071861
9072967
9073039
9073231
9073321
9073327
9073919
9074189
9074231
9074269
9076673
9077059
9077149
9077399
9077891
9077923
9078397
9079381
9079387
9079517
9079571
9079769
9080593
9081101
9082657
9083411
9085001
9085841
9085847
9086101
9086401
9086879
9087509
9088507
9089387
9089567
9089621
9089737
9089767
9090901
9091157
9091219
9092789
9092987
9093251
9096623
9096677
9096947
9097279
9098099
9098237
9099197
9099583
9100603
9101023
9101119
9101471
9104947
9106351
9106763
9108497
9108763
9109459
9110039
9110237
9110971
9111521
9112541
9113383
9113593
9113609
9114137
9114271
9114673
9116461
9116917
9117221
9117529
9117551
9117917
9118127
9118771
9119471
9120079
9120677
9121193
9121751
9122749
9123533
9124249
9124397
9124897
9125561
9128051
9128923
9131543
9131687
9131813
9135079
9136201
9136703
9136879
9137567
9138139
9139397
9140167
9140809
9140921
9141287
9141697
9141851
9142901
9143119
9143611
9144769
9144829
9144917
9145693
9145889
9146069
9147013
9147043
9149633
9150161
9150943
9151279
9151397
9151523
9153811
9157453
9157693
9157783
9157957
9158089
9158243
9158417
9158473
9158711
9159109
9160007
9160289
9161717
9162709
9163369
9164171
9164291
9165007
9165041
9166277
9166441
9166481
9166943
9167269
9167429
9168433
9168557
9168983
9170459
9170729
9171467
9171607
9171689
9171751
9171769
9171977
9174601
9174749
9175217
9175753
9176171
9176269
9176863
9177001
9177199
9177869
9178681
9179719
9180239
9181723
9181961
9182171
9184037
9184603
9184823
9185237
9188353
9188539
9189139
9189703
9190487
9190603
9191821
9192439
9192679
9192749
9193193
9193421
9193927
9194179
9195743
9197341
9197647
9198503
9198677
9198727
9199079
9199153
9199259
9200057
9203149
9203317
9203729
9203743
9203959
9204043
9205649
9206123
9206909
9207137
9208337
9208583
9209017
9210791
9212767
9212927
9213079
9213209
9213313
9214201
9214861
9214871
9215237
9215669
9215837
9215933
9216521
9216707
9217421
9217531
9217567
9217973
9218269
9218623
9219173
9219611
9219787
9220181
9220247
9220291
9220331
9220399
9222623
9222649
9223009
9225421
9226687
9228073
9228383
9228997
9229069
9229489
9229673
9229757
9230231
9232543
9234079
9236207
9236699
9236921
9238277
9238681
9239189
9240739
9240839
9241711
9241811
9242413
9243131
9243133
9243929
9244351
9245507
9245987
9246077
9246227
9246551
9246557
9247283
9247351
9247463
9250177
9250823
9250981
9251219
9251387
9251699
9251821
9251863
9251873
9254939
9255079
9256111
9256589
9258451
9259487
9262787
9263341
9263957
9263987
9265037
9265099
9266503
9267679
9268631
9268811
9268879
9269797
9271421
9272899
9273031
9273059
9273961
9276073
9276301
9276871
9276923
9277369
9277531
9277549
9278117
9278611
9279113
9279917
9281417
9282467
9282839
9283247
9285733
9286961
9287977
9288361
9289393
9289549
9289811
9289919
9290269
9290683
9290923
9291481
9291553
9291721
9292333
9293783
9294073
9294199
9294209
9294361
9295271
9295739
9298313
9298483
9300079
9300223
9300517
9302131
9302987
9303053
9304937
9305293
9305333
9305449
9305809
9306581
9308839
9309017
9309673
9310471
9310591
9310667
9310981
9311381
9312137
9312887
9314099
9314791
9316067
9317219
9318583
9320111
9321121
9321283
9322051
9322349
9322549
9323159
9323201
9323549
9326153
9326519
9327089
9327323
9329011
9330053
9330089
9330389
9332359
9333407
9333487
9334147
9334459
9336013
9336373
9336911
9338221
9339611
9340729
9342617
9343967
9344311
9344477
9344513
9345913
9346171
9346517
9346559
9347029
9348431
9348923
9349079
9349723
9351611
9351761
9352411
9353593
9353731
9353951
9355817
9356849
9356981
9357533
9357637
9357779
9357919
9358073
9358169
9358289
9360907
9360937
9361619
9362039
9362653
9362921
9363337
9363877
9364141
9364499
9364679
9365141
9365569
9366397
9366769
9366853
9367427
9367781
9368609
9368837
9369881
9370811
9370987
9371071
9371137
9372029
9374227
9375259
9375533
9377323
9377509
9378613
9379637
9380009
9380353
9380977
9381419
9381719
9382151
9383837
9384251
9385301
9385573
9385631
9386639
9386801
9387457
9387949
9388189
9388513
9388681
9388697
9389353
9390419
9390439
9390587
9391363
9394277
9396613
9397043
9397337
9397901
9398171
9398383
9398699
9398783
9399653
9400871
9401753
9403649
9403777
9403781
9403783
9404737
9404921
9405287
9406021
9406421
9407521
9407821
9408611
9408643
9409441
9410017
9410699
9410861
9411497
9411713
9412027
9412523
9412759
9413849
9414001
9414017
9414631
9414781
9414913
9415391
9416203
9418169
9418261
9419183
9419593
9419741
9421109
9421679
9421883
9423131
9423251
9424847
9426283
9426763
9426871
9428017
9428129
9428491
9429179
9429671
9429769
9430009
9430103
9430679
9430877
9432187
9433159
9433987
9435263
9437123
9437489
9437717
9438151
9438431
9438503
9438679
9438883
9438907
9439931
9441127
9441541
9441847
9442649
9442729
9444217
9445127
9446291
9446897
9446989
9447187
9448097
9449281
9449357
9449641
9450227
9450341
9450439
9451069
9451319
9454631
9454813
9456257
9456919
9458861
9459077
9459251
9460393
9461017
9461831
9462227
9463177
9463631
9464417
9464449
9465091
9466517
9467687
9468883
9470119
9470231
9471551
9472657
9473623
9475009
9475049
9475201
9475541
9476219
9476683
9476723
9477383
9478787
9479051
9479819
9481079
9481363
9482569
9482687
9483053
9485393
9487399
9487529
9488879
9489419
9489763
9491147
9491371
9491483
9493111
9494201
9494971
9495053
9495583
9496811
9497083
9498023
9498263
9498953
9499027
9500639
9500993
9502333
9502351
9504629
9506377
9506767
9507151
9507503
9507551
9508183
9508393
9508589
9508879
9508979
9508981
9509173
9509323
9510001
9511189
9511289
9511727
9512857
9513041
9513811
9514229
9514811
9515137
9517631
9518407
9519143
9519359
9522181
9523039
9523153
9523471
9527101
9527941
9528059
9528641
9529063
9529193
9529321
9529643
9530509
9530791
9532591
9533533
9533567
9534113
9537727
9537809
9538367
9539011
9539357
9541057
9541291
9541409
9542333
9543029
9544649
9545461
9545681
9546293
9546443
9547091
9548827
9548831
9549607
9549721
9551473
9551887
9551959
9552029
9553309
9555127
9555659
9555901
9556447
9556993
9559309
9562027
9562369
9562459
9562603
9562879
9564091
9564613
9564881
9565357
9565877
9566173
9566309
9566567
9567221
9567491
9567689
9569327
9569431
9569603
9569663
9569753
9570049
9570919
9571721
9571831
9572467
9573631
9574069
9575381
9575737
9576071
9576097
9576709
9577021
9577319
9577727
9579751
9580309
9580631
9580861
9581359
9581431
9581827
9583069
9583127
9584023
9584089
9584831
9585343
9585361
9585707
9585713
9585887
9585929
9586039
9586741
9587827
9588091
9588583
9589123
9589289
9590857
9591079
9591487
9592409
9593071
9594089
9594139
9594539
9594763
9594799
9595217
9596641
9596647
9596731
9597389
9597397
9597751
9599111
9599749
9599977
9600161
9600533
9600623
9600883
9601091
9601159
9601531
9601561
9601751
9601853
9602423
9602563
9602729
9604277
9604313
9604681
9605369
9605599
9605971
9606239
9606739
9607453
9607849
9608399
9608761
9611087
9611353
9611737
9613039
9613133
9613337
9614431
9614587
9615113
9615377
9617617
9618647
9619091
9619397
9619417
9619787
9620131
9620291
9622367
9622447
9622637
9623281
9623863
9625387
9625697
9626137
9626509
9628303
9628361
9629197
9629539
9629759
9630547
9631409
9631681
9631813
9632767
9633769
9635449
9635653
9636469
9638327
9638483
9638773
9639103
9639319
9639359
9639401
9639887
9640361
9641011
9641069
9641293
9641881
9642319
9642799
9642967
9643943
9644203
9644779
9645509
9646801
9647723
9647987
9648011
9649043
9649357
9649877
9650273
9650341
9651331
9651599
9651637
9652417
9654529
9656057
9656321
9657253
9658003
9658087
9659537
9661517
9662153
9662381
9662701
9663169
9663299
9663469
9664247
9664729
9665039
9666131
9668537
9668779
9669031
9669409
9669937
9671791
9672079
9672449
9673747
9674747
9674953
9675053
9675257
9675781
9676201
9676427
9676627
9677071
9677081
9678047
9678079
9678181
9678611
9678671
9679277
9680023
9680087
9681559
9683599
9683909
9684379
9684707
9684881
9685349
9685969
9686063
9686221
9686543
9688031
9688859
9689047
9690713
9692861
9692923
9693457
9694141
9694603
9694627
9694991
9695183
9695233
9695347
9696097
9696157
9696649
9698453
9698851
9699149
9699161
9699509
9699727
9699853
9700813
9701063
9702397
9702601
9702929
9702967
9703763
9703931
9704797
9705533
9705743
9706189
9706289
9706901
9707267
9707297
9707701
9708697
9708949
9709199
9709291
9709369
9709993
9710527
9710557
9711557
9711619
9712309
9712343
9713201
9713791
9715157
9715367
9716209
9716951
9717551
9718147
9718979
9719209
9721087
9722179
9723661
9724283
9725707
9726173
9726547
9727079
9727579
9728731
9729131
9729553
9730547
9732179
9733429
9734003
9734107
9734113
9734269
9734287
9734639
9736033
9737239
9738329
9739031
9739903
9740117
9740257
9740911
9742597
9742969
9743003
9743537
9744773
9744901
9745327
9746573
9747223
9748681
9749099
9749239
9749681
9750193
9750739
9750901
9751253
9753109
9753521
9754117
9754267
9754639
9755819
9757199
9757463
9757633
9758611
9758887
9758927
9759067
9759143
9759301
9759917
9759961
9760739
9760991
9761623
9762917
9762967
9763813
9764413
9767567
9768139
9768419
9768823
9769159
9770069
9770213
9771299
9771841
9772601
9774547
9774733
9774887
9776551
9776617
9777037
9777113
9777919
9778123
9778819
9778891
9780341
9780523
9781007
9781909
9782239
9782411
9783187
9783199
9785663
9786131
9786277
9789001
9789589
9790159
9790399
9790727
9791029
9791599
9791777
9792151
9792271
9792473
9792737
9793247
9793361
9794093
9795167
9795439
9796481
9796517
9796949
9798079
9799019
9800113
9800641
9801277
9801581
9801619
9802031
9802307
9803279
9803341
9803491
9803813
9804079
9804191
9804479
9804677
9804859
9805409
9806333
9806639
9806689
9807757
9809069
9809381
9809447
9809603
9809759
9810181
9811687
9811727
9812447
9813971
9814099
9814367
9814771
9815563
9816767
9817039
9817351
9817991
9818201
9819613
9819617
9820367
9820841
9821857
9821921
9822161
9822887
9825037
9826279
9827179
9827303
9829181
9829189
9829291
9829829
9829951
9830113
9830147
9831013
9831043
9831461
9832037
9833141
9833927
9833933
9834787
9834907
9835253
9835289
9835723
9836033
9836287
9836569
9837173
9838207
9838823
9840617
9840647
9840709
9841987
9842909
9843721
9843797
9843803
9844403
9844663
9846647
9846673
9847463
9847931
9848039
9848809
9849407
9849779
9850471
9850703
9851339
9851411
9851701
9851791
9851929
9852263
9852413
9852443
9853681
9854941
9855607
9856183
9856283
9857387
9858451
9858503
9859001
9859207
9859981
9860273
9860447
9860897
9861413
9861431
9861679
9861847
9862487
9862981
9863017
9863701
9863713
9863809
9864529
9865069
9865519
9865621
9866449
9866509
9866611
9866683
9866797
9867079
9867617
9870143
9871157
9871219
9871817
9873131
9873229
9873679
9874121
9874327
9875377
9875429
9876359
9876553
9876563
9877937
9878251
9878527
9878749
9878899
9879689
9880307
9881101
9881111
9881719
9884507
9885199
9885287
9885361
9885761
9886417
9887413
9887503
9887881
9888173
9888269
9888469
9888481
9889039
9889423
9889511
9889909
9891137
9891737
9893441
9893693
9894121
9894173
9894659
9894743
9894883
9895001
9895183
9895213
9895693
9896083
9896699
9897661
9899567
9899809
9901987
9902219
9902359
9902797
9903623
9903749
9905087
9906737
9906781
9908303
9908719
9910013
9910387
9910921
9912589
9914747
9915817
9915821
9916297
9917027
9917653
9918317
9919069
9919097
9919361
9919937
9920501
9921343
9921803
9921869
9924703
9925081
9925439
9925607
9927361
9930031
9931121
9931627
9931853
9932129
9932467
9932477
9932833
9933853
9934189
9934649
9935711
9936193
9937229
9937237
9938377
9939637
9939901
9941587
9943091
9943481
9943523
9943733
9944681
9945259
9945461
9945743
9945853
9946501
9946897
9947039
9947129
9947429
9948011
9948511
9948593
9949601
9950977
9951407
9951523
9952277
9953183
9954547
9954761
9957667
9957887
9958133
9959497
9960233
9961631
9961937
9961961
9962047
9962987
9963061
9963829
9966829
9967103
9967289
9968041
9968587
9968687
9969313
9969577
9970049
9970141
9973211
9974527
9974933
9975683
9980123
9980699
9982241
9982649
9984179
9985037
9985867
9986183
9987539
9988073
9988283
9988607
9989677
9989807
9990467
9991357
9992207
9992393
9992669
9993089
9993173
9993383
9993869
9993923
9994289
9994483
9994913
9995497
9997133
9997753
9998099
9998249
9998393
9999053
