411941
547237
565919
615299
624797
625763
643649
657029
679223
683687
694259
737411
737479
738643
739117
753161
758711
761393
764011
773363
781589
784411
787043
789221
790429
794363
802027
804493
804689
807809
817433
826559
834439
835973
837659
838133
845489
846179
846931
851197
853903
856187
861079
864419
868103
868211
868291
869299
872393
876311
876593
879629
883247
883517
883697
886867
896323
897101
901529
902719
903979
904147
908749
912053
917243
921007
921091
927323
928313
929063
934111
937681
938843
941299
942217
945587
946249
946931
947377
949957
953851
954857
956993
958393
960809
961003
964609
966197
967397
971429
972869
973069
975259
977087
981073
981187
986497
987211
987739
988069
990371
991511
991717
992923
993319
994811
996883
