# 逆M集水滴轮廓 p1_q2 centroid≈-1.333333+-0.000000j
-1.3177751100 0.0900000000
-1.3177751100 0.0899279712
-1.3178111244 0.0898919568
-1.3178471389 0.0898559424
-1.3178471389 0.0897839136
-1.3178471389 0.0897118848
-1.3178831533 0.0896758703
-1.3179191677 0.0896398559
-1.3179191677 0.0895678271
-1.3179551821 0.0895318127
-1.3179911965 0.0894957983
-1.3180272109 0.0894597839
-1.3180632253 0.0894237695
-1.3180992397 0.0893877551
-1.3181352541 0.0893517407
-1.3181712685 0.0893157263
-1.3182072829 0.0892797119
-1.3182072829 0.0892076831
-1.3181712685 0.0891716687
-1.3181352541 0.0891356543
-1.3181352541 0.0890636255
-1.3181352541 0.0889915966
-1.3181352541 0.0889195678
-1.3181712685 0.0888835534
-1.3182072829 0.0888475390
-1.3182072829 0.0887755102
-1.3182072829 0.0887034814
-1.3182432973 0.0886674670
-1.3182793117 0.0886314526
-1.3182793117 0.0885594238
-1.3183153261 0.0885234094
-1.3183513405 0.0884873950
-1.3183873549 0.0884513806
-1.3184593838 0.0884513806
-1.3185314126 0.0884513806
-1.3186034414 0.0884513806
-1.3186754702 0.0884513806
-1.3187474990 0.0884513806
-1.3187835134 0.0884873950
-1.3188195278 0.0885234094
-1.3188915566 0.0885234094
-1.3189635854 0.0885234094
-1.3190356142 0.0885234094
-1.3190716287 0.0884873950
-1.3191076431 0.0884513806
-1.3191436575 0.0884153661
-1.3191796719 0.0883793517
-1.3192156863 0.0883433373
-1.3192517007 0.0883073229
-1.3192877151 0.0882713085
-1.3193237295 0.0882352941
-1.3193597439 0.0881992797
-1.3193957583 0.0881632653
-1.3194317727 0.0881272509
-1.3194317727 0.0880552221
-1.3194317727 0.0879831933
-1.3193957583 0.0879471789
-1.3193597439 0.0879111645
-1.3193597439 0.0878391357
-1.3193237295 0.0878031212
-1.3192877151 0.0877671068
-1.3192517007 0.0877310924
-1.3192156863 0.0876950780
-1.3191796719 0.0876590636
-1.3191076431 0.0876590636
-1.3190716287 0.0876230492
-1.3190356142 0.0875870348
-1.3189635854 0.0875870348
-1.3189275710 0.0875510204
-1.3188915566 0.0875150060
-1.3188555422 0.0874789916
-1.3188195278 0.0874429772
-1.3187835134 0.0874069628
-1.3187474990 0.0873709484
-1.3187114846 0.0873349340
-1.3187114846 0.0872629052
-1.3187474990 0.0872268908
-1.3187835134 0.0871908764
-1.3187835134 0.0871188475
-1.3187835134 0.0870468187
-1.3188195278 0.0870108043
-1.3188555422 0.0869747899
-1.3188555422 0.0869027611
-1.3188915566 0.0868667467
-1.3189275710 0.0868307323
-1.3189635854 0.0867947179
-1.3189995998 0.0867587035
-1.3190356142 0.0867226891
-1.3190716287 0.0866866747
-1.3190716287 0.0866146459
-1.3190716287 0.0865426170
-1.3190716287 0.0864705882
-1.3190716287 0.0863985594
-1.3190716287 0.0863265306
-1.3190716287 0.0862545018
-1.3190716287 0.0861824730
-1.3191076431 0.0861464586
-1.3191436575 0.0861104442
-1.3191436575 0.0860384154
-1.3191436575 0.0859663866
-1.3191796719 0.0859303721
-1.3192156863 0.0858943577
-1.3192517007 0.0858583433
-1.3192877151 0.0858223289
-1.3193237295 0.0857863145
-1.3193957583 0.0857863145
-1.3194677871 0.0857863145
-1.3195398159 0.0857863145
-1.3196118447 0.0857863145
-1.3196478591 0.0858223289
-1.3196838735 0.0858583433
-1.3197559024 0.0858583433
-1.3198279312 0.0858583433
-1.3198999600 0.0858583433
-1.3199359744 0.0858223289
-1.3199719888 0.0857863145
-1.3200080032 0.0857503001
-1.3200440176 0.0857142857
-1.3200800320 0.0856782713
-1.3201160464 0.0856422569
-1.3201520608 0.0856062425
-1.3201880752 0.0855702281
-1.3202240896 0.0855342137
-1.3202240896 0.0854621849
-1.3202240896 0.0853901561
-1.3202240896 0.0853181273
-1.3201880752 0.0852821128
-1.3201520608 0.0852460984
-1.3201520608 0.0851740696
-1.3201160464 0.0851380552
-1.3200800320 0.0851020408
-1.3200440176 0.0850660264
-1.3199719888 0.0850660264
-1.3199359744 0.0850300120
-1.3198999600 0.0849939976
-1.3198279312 0.0849939976
-1.3197919168 0.0849579832
-1.3197559024 0.0849219688
-1.3197198880 0.0848859544
-1.3196838735 0.0848499400
-1.3196478591 0.0848139256
-1.3196478591 0.0847418968
-1.3196478591 0.0846698679
-1.3196478591 0.0845978391
-1.3196478591 0.0845258103
-1.3196838735 0.0844897959
-1.3197198880 0.0844537815
-1.3197198880 0.0843817527
-1.3197559024 0.0843457383
-1.3197919168 0.0843097239
-1.3198279312 0.0842737095
-1.3198639456 0.0842376951
-1.3198639456 0.0841656663
-1.3198999600 0.0841296519
-1.3199359744 0.0840936375
-1.3199359744 0.0840216086
-1.3199359744 0.0839495798
-1.3199359744 0.0838775510
-1.3199359744 0.0838055222
-1.3199359744 0.0837334934
-1.3199359744 0.0836614646
-1.3199359744 0.0835894358
-1.3199359744 0.0835174070
-1.3199719888 0.0834813926
-1.3200080032 0.0834453782
-1.3200080032 0.0833733493
-1.3200440176 0.0833373349
-1.3200800320 0.0833013205
-1.3201160464 0.0832653061
-1.3201880752 0.0832653061
-1.3202601040 0.0832653061
-1.3203321329 0.0832653061
-1.3204041617 0.0832653061
-1.3204401761 0.0833013205
-1.3204761905 0.0833373349
-1.3205482193 0.0833373349
-1.3206202481 0.0833373349
-1.3206922769 0.0833373349
-1.3207282913 0.0833013205
-1.3207643057 0.0832653061
-1.3208363345 0.0832653061
-1.3208723489 0.0832292917
-1.3209083633 0.0831932773
-1.3209443778 0.0831572629
-1.3209443778 0.0830852341
-1.3209803922 0.0830492197
-1.3210164066 0.0830132053
-1.3210164066 0.0829411765
-1.3210164066 0.0828691477
-1.3210164066 0.0827971188
-1.3209803922 0.0827611044
-1.3209443778 0.0827250900
-1.3209083633 0.0826890756
-1.3208723489 0.0826530612
-1.3208363345 0.0826170468
-1.3207643057 0.0826170468
-1.3207282913 0.0825810324
-1.3206922769 0.0825450180
-1.3206202481 0.0825450180
-1.3205842337 0.0825090036
-1.3205482193 0.0824729892
-1.3205122049 0.0824369748
-1.3204761905 0.0824009604
-1.3204401761 0.0823649460
-1.3204401761 0.0822929172
-1.3204401761 0.0822208884
-1.3204401761 0.0821488595
-1.3204401761 0.0820768307
-1.3204761905 0.0820408163
-1.3205122049 0.0820048019
-1.3205122049 0.0819327731
-1.3205482193 0.0818967587
-1.3205842337 0.0818607443
-1.3206202481 0.0818247299
-1.3206562625 0.0817887155
-1.3206562625 0.0817166867
-1.3206922769 0.0816806723
-1.3207282913 0.0816446579
-1.3207282913 0.0815726291
-1.3207282913 0.0815006002
-1.3207282913 0.0814285714
-1.3207282913 0.0813565426
-1.3207282913 0.0812845138
-1.3207282913 0.0812124850
-1.3207282913 0.0811404562
-1.3207643057 0.0811044418
-1.3208003201 0.0810684274
-1.3208363345 0.0810324130
-1.3208723489 0.0809963986
-1.3209083633 0.0809603842
-1.3209803922 0.0809603842
-1.3210524210 0.0809603842
-1.3211244498 0.0809603842
-1.3211964786 0.0809603842
-1.3212685074 0.0809603842
-1.3213405362 0.0809603842
-1.3214125650 0.0809603842
-1.3214485794 0.0809243697
-1.3214845938 0.0808883553
-1.3215206082 0.0808523409
-1.3215566226 0.0808163265
-1.3215926371 0.0807803121
-1.3216286515 0.0807442977
-1.3216646659 0.0807082833
-1.3216646659 0.0806362545
-1.3216646659 0.0805642257
-1.3216646659 0.0804921969
-1.3216286515 0.0804561825
-1.3215926371 0.0804201681
-1.3215566226 0.0803841537
-1.3215206082 0.0803481393
-1.3214845938 0.0803121248
-1.3214485794 0.0802761104
-1.3214125650 0.0802400960
-1.3213765506 0.0802040816
-1.3213405362 0.0801680672
-1.3212685074 0.0801680672
-1.3212324930 0.0801320528
-1.3212324930 0.0800600240
-1.3211964786 0.0800240096
-1.3211604642 0.0799879952
-1.3211604642 0.0799159664
-1.3211604642 0.0798439376
-1.3211604642 0.0797719088
-1.3211964786 0.0797358944
-1.3212324930 0.0796998800
-1.3212324930 0.0796278511
-1.3212685074 0.0795918367
-1.3213045218 0.0795558223
-1.3213405362 0.0795198079
-1.3213765506 0.0794837935
-1.3213765506 0.0794117647
-1.3213765506 0.0793397359
-1.3213765506 0.0792677071
-1.3213765506 0.0791956783
-1.3213765506 0.0791236495
-1.3214125650 0.0790876351
-1.3214485794 0.0790516206
-1.3214485794 0.0789795918
-1.3214485794 0.0789075630
-1.3214845938 0.0788715486
-1.3215206082 0.0788355342
-1.3215566226 0.0787995198
-1.3215926371 0.0787635054
-1.3216286515 0.0787274910
-1.3217006803 0.0787274910
-1.3217727091 0.0787274910
-1.3218447379 0.0787274910
-1.3219167667 0.0787274910
-1.3219887955 0.0787274910
-1.3220248099 0.0786914766
-1.3220608243 0.0786554622
-1.3221328531 0.0786554622
-1.3221688675 0.0786194478
-1.3222048820 0.0785834334
-1.3222408964 0.0785474190
-1.3222769108 0.0785114046
-1.3223129252 0.0784753902
-1.3223489396 0.0784393758
-1.3223849540 0.0784033613
-1.3223849540 0.0783313325
-1.3223489396 0.0782953181
-1.3223129252 0.0782593037
-1.3223129252 0.0781872749
-1.3222769108 0.0781512605
-1.3222408964 0.0781152461
-1.3222048820 0.0780792317
-1.3221328531 0.0780792317
-1.3220968387 0.0780432173
-1.3220608243 0.0780072029
-1.3220248099 0.0779711885
-1.3219887955 0.0779351741
-1.3219527811 0.0778991597
-1.3219167667 0.0778631453
-1.3218807523 0.0778271309
-1.3218807523 0.0777551020
-1.3218447379 0.0777190876
-1.3218087235 0.0776830732
-1.3218447379 0.0776470588
-1.3218807523 0.0776110444
-1.3218807523 0.0775390156
-1.3218807523 0.0774669868
-1.3219167667 0.0774309724
-1.3219527811 0.0773949580
-1.3219887955 0.0773589436
-1.3220248099 0.0773229292
-1.3220248099 0.0772509004
-1.3220248099 0.0771788715
-1.3220608243 0.0771428571
-1.3220968387 0.0771068427
-1.3220968387 0.0770348139
-1.3220968387 0.0769627851
-1.3220968387 0.0768907563
-1.3220968387 0.0768187275
-1.3220968387 0.0767466987
-1.3221328531 0.0767106843
-1.3221688675 0.0766746699
-1.3222048820 0.0766386555
-1.3222408964 0.0766026411
-1.3222769108 0.0765666267
-1.3223489396 0.0765666267
-1.3224209684 0.0765666267
-1.3224929972 0.0765666267
-1.3225650260 0.0765666267
-1.3226370548 0.0765666267
-1.3227090836 0.0765666267
-1.3227450980 0.0765306122
-1.3227811124 0.0764945978
-1.3228531413 0.0764945978
-1.3228891557 0.0764585834
-1.3229251701 0.0764225690
-1.3229611845 0.0763865546
-1.3229611845 0.0763145258
-1.3229971989 0.0762785114
-1.3230332133 0.0762424970
-1.3229971989 0.0762064826
-1.3229611845 0.0761704682
-1.3229611845 0.0760984394
-1.3229251701 0.0760624250
-1.3228531413 0.0760624250
-1.3228171269 0.0760264106
-1.3227811124 0.0759903962
-1.3227450980 0.0759543818
-1.3227090836 0.0759183673
-1.3226370548 0.0759183673
-1.3226010404 0.0758823529
-1.3225650260 0.0758463385
-1.3225290116 0.0758103241
-1.3224929972 0.0757743097
-1.3224569828 0.0757382953
-1.3224569828 0.0756662665
-1.3224569828 0.0755942377
-1.3224569828 0.0755222089
-1.3224929972 0.0754861945
-1.3225290116 0.0754501801
-1.3225290116 0.0753781513
-1.3225650260 0.0753421369
-1.3226010404 0.0753061224
-1.3226010404 0.0752340936
-1.3226010404 0.0751620648
-1.3226370548 0.0751260504
-1.3226730692 0.0750900360
-1.3226730692 0.0750180072
-1.3226730692 0.0749459784
-1.3226730692 0.0748739496
-1.3226730692 0.0748019208
-1.3227090836 0.0747659064
-1.3227450980 0.0747298920
-1.3227450980 0.0746578631
-1.3227811124 0.0746218487
-1.3228531413 0.0746218487
-1.3228891557 0.0745858343
-1.3229251701 0.0745498199
-1.3229971989 0.0745498199
-1.3230692277 0.0745498199
-1.3231412565 0.0745498199
-1.3232132853 0.0745498199
-1.3232853141 0.0745498199
-1.3233213285 0.0745138055
-1.3233573429 0.0744777911
-1.3233933573 0.0744417767
-1.3234293717 0.0744057623
-1.3234653862 0.0743697479
-1.3234653862 0.0742977191
-1.3234653862 0.0742256903
-1.3234653862 0.0741536615
-1.3234293717 0.0741176471
-1.3233933573 0.0740816327
-1.3233573429 0.0740456182
-1.3233213285 0.0740096038
-1.3232853141 0.0739735894
-1.3232492997 0.0739375750
-1.3232132853 0.0739015606
-1.3231772709 0.0738655462
-1.3231412565 0.0738295318
-1.3231052421 0.0737935174
-1.3231052421 0.0737214886
-1.3230692277 0.0736854742
-1.3230332133 0.0736494598
-1.3230692277 0.0736134454
-1.3231052421 0.0735774310
-1.3231052421 0.0735054022
-1.3231052421 0.0734333733
-1.3231412565 0.0733973589
-1.3231772709 0.0733613445
-1.3231772709 0.0732893157
-1.3231772709 0.0732172869
-1.3232132853 0.0731812725
-1.3232492997 0.0731452581
-1.3232492997 0.0730732293
-1.3232492997 0.0730012005
-1.3232492997 0.0729291717
-1.3232492997 0.0728571429
-1.3232853141 0.0728211285
-1.3233213285 0.0727851140
-1.3233573429 0.0727490996
-1.3234293717 0.0727490996
-1.3234653862 0.0727130852
-1.3235014006 0.0726770708
-1.3235734294 0.0726770708
-1.3236454582 0.0726770708
-1.3237174870 0.0726770708
-1.3237895158 0.0726770708
-1.3238255302 0.0726410564
-1.3238615446 0.0726050420
-1.3238975590 0.0725690276
-1.3239335734 0.0725330132
-1.3239695878 0.0724969988
-1.3239695878 0.0724249700
-1.3240056022 0.0723889556
-1.3240416166 0.0723529412
-1.3240056022 0.0723169268
-1.3239695878 0.0722809124
-1.3239695878 0.0722088836
-1.3239335734 0.0721728691
-1.3238615446 0.0721728691
-1.3238255302 0.0721368547
-1.3237895158 0.0721008403
-1.3237535014 0.0720648259
-1.3237174870 0.0720288115
-1.3236814726 0.0719927971
-1.3236454582 0.0719567827
-1.3236094438 0.0719207683
-1.3235734294 0.0718847539
-1.3235374150 0.0718487395
-1.3235374150 0.0717767107
-1.3235734294 0.0717406963
-1.3236094438 0.0717046819
-1.3236094438 0.0716326531
-1.3236094438 0.0715606242
-1.3236454582 0.0715246098
-1.3236814726 0.0714885954
-1.3236814726 0.0714165666
-1.3236814726 0.0713445378
-1.3236814726 0.0712725090
-1.3237174870 0.0712364946
-1.3237535014 0.0712004802
-1.3237535014 0.0711284514
-1.3237535014 0.0710564226
-1.3237895158 0.0710204082
-1.3238255302 0.0709843938
-1.3238615446 0.0709483794
-1.3238975590 0.0709123649
-1.3239335734 0.0708763505
-1.3240056022 0.0708763505
-1.3240776311 0.0708763505
-1.3241136455 0.0708403361
-1.3241496599 0.0708043217
-1.3242216887 0.0708043217
-1.3242937175 0.0708043217
-1.3243297319 0.0707683073
-1.3243657463 0.0707322929
-1.3244017607 0.0706962785
-1.3244017607 0.0706242497
-1.3244377751 0.0705882353
-1.3244737895 0.0705522209
-1.3244377751 0.0705162065
-1.3244017607 0.0704801921
-1.3243657463 0.0704441777
-1.3243297319 0.0704081633
-1.3242937175 0.0703721489
-1.3242577031 0.0703361345
-1.3242216887 0.0703001200
-1.3241856743 0.0702641056
-1.3241496599 0.0702280912
-1.3241136455 0.0701920768
-1.3241136455 0.0701200480
-1.3240776311 0.0700840336
-1.3240416166 0.0700480192
-1.3240416166 0.0699759904
-1.3240416166 0.0699039616
-1.3240776311 0.0698679472
-1.3241136455 0.0698319328
-1.3241136455 0.0697599040
-1.3241136455 0.0696878752
-1.3241496599 0.0696518607
-1.3241856743 0.0696158463
-1.3241856743 0.0695438175
-1.3241856743 0.0694717887
-1.3242216887 0.0694357743
-1.3242577031 0.0693997599
-1.3242577031 0.0693277311
-1.3242937175 0.0692917167
-1.3243297319 0.0692557023
-1.3243657463 0.0692196879
-1.3244017607 0.0691836735
-1.3244377751 0.0691476591
-1.3245098039 0.0691476591
-1.3245818327 0.0691476591
-1.3246178471 0.0691116447
-1.3246538615 0.0690756303
-1.3247258904 0.0690756303
-1.3247619048 0.0690396158
-1.3247979192 0.0690036014
-1.3248339336 0.0689675870
-1.3248699480 0.0689315726
-1.3249059624 0.0688955582
-1.3249059624 0.0688235294
-1.3248699480 0.0687875150
-1.3248339336 0.0687515006
-1.3247979192 0.0687154862
-1.3247619048 0.0686794718
-1.3247258904 0.0686434574
-1.3246898760 0.0686074430
-1.3246538615 0.0685714286
-1.3246178471 0.0685354142
-1.3245818327 0.0684993998
-1.3245458183 0.0684633854
-1.3245458183 0.0683913565
-1.3245458183 0.0683193277
-1.3245458183 0.0682472989
-1.3245458183 0.0681752701
-1.3245458183 0.0681032413
-1.3245818327 0.0680672269
-1.3246178471 0.0680312125
-1.3246178471 0.0679591837
-1.3246178471 0.0678871549
-1.3246178471 0.0678151261
-1.3246538615 0.0677791116
-1.3246898760 0.0677430972
-1.3246898760 0.0676710684
-1.3247258904 0.0676350540
-1.3247619048 0.0675990396
-1.3247979192 0.0675630252
-1.3248339336 0.0675270108
-1.3248699480 0.0674909964
-1.3249419768 0.0674909964
-1.3250140056 0.0674909964
-1.3250500200 0.0674549820
-1.3250860344 0.0674189676
-1.3251220488 0.0673829532
-1.3251580632 0.0673469388
-1.3251940776 0.0673109244
-1.3252300920 0.0672749100
-1.3252661064 0.0672388956
-1.3252661064 0.0671668667
-1.3252300920 0.0671308523
-1.3251940776 0.0670948379
-1.3251580632 0.0670588235
-1.3251220488 0.0670228091
-1.3250860344 0.0669867947
-1.3250500200 0.0669507803
-1.3250140056 0.0669147659
-1.3249779912 0.0668787515
-1.3249779912 0.0668067227
-1.3249779912 0.0667346939
-1.3249779912 0.0666626651
-1.3249779912 0.0665906363
-1.3249779912 0.0665186074
-1.3249779912 0.0664465786
-1.3250140056 0.0664105642
-1.3250500200 0.0663745498
-1.3250500200 0.0663025210
-1.3250500200 0.0662304922
-1.3250500200 0.0661584634
-1.3250860344 0.0661224490
-1.3251220488 0.0660864346
-1.3251220488 0.0660144058
-1.3251580632 0.0659783914
-1.3252300920 0.0659783914
-1.3252661064 0.0659423770
-1.3253021208 0.0659063625
-1.3253741497 0.0659063625
-1.3254101641 0.0658703481
-1.3254461785 0.0658343337
-1.3255182073 0.0658343337
-1.3255542217 0.0657983193
-1.3255902361 0.0657623049
-1.3256262505 0.0657262905
-1.3256262505 0.0656542617
-1.3256262505 0.0655822329
-1.3255902361 0.0655462185
-1.3255542217 0.0655102041
-1.3255182073 0.0654741897
-1.3254821929 0.0654381753
-1.3254461785 0.0654021609
-1.3254101641 0.0653661465
-1.3253741497 0.0653301321
-1.3253381353 0.0652941176
-1.3253381353 0.0652220888
-1.3253381353 0.0651500600
-1.3253381353 0.0650780312
-1.3253381353 0.0650060024
-1.3253381353 0.0649339736
-1.3253381353 0.0648619448
-1.3253741497 0.0648259304
-1.3254101641 0.0647899160
-1.3254101641 0.0647178872
-1.3254101641 0.0646458583
-1.3254461785 0.0646098439
-1.3254821929 0.0645738295
-1.3255182073 0.0645378151
-1.3255542217 0.0645018007
-1.3255902361 0.0644657863
-1.3256262505 0.0644297719
-1.3256622649 0.0643937575
-1.3257342937 0.0643937575
-1.3258063225 0.0643937575
-1.3258423369 0.0643577431
-1.3258783513 0.0643217287
-1.3259143657 0.0642857143
-1.3259503802 0.0642496999
-1.3259863946 0.0642136855
-1.3259863946 0.0641416567
-1.3259503802 0.0641056423
-1.3259143657 0.0640696279
-1.3259143657 0.0639975990
-1.3258783513 0.0639615846
-1.3258423369 0.0639255702
-1.3258063225 0.0638895558
-1.3257703081 0.0638535414
-1.3257703081 0.0637815126
-1.3257342937 0.0637454982
-1.3256982793 0.0637094838
-1.3256982793 0.0636374550
-1.3256982793 0.0635654262
-1.3256982793 0.0634933974
-1.3256982793 0.0634213685
-1.3257342937 0.0633853541
-1.3257703081 0.0633493397
-1.3257703081 0.0632773109
-1.3257703081 0.0632052821
-1.3258063225 0.0631692677
-1.3258423369 0.0631332533
-1.3258423369 0.0630612245
-1.3258783513 0.0630252101
-1.3259503802 0.0630252101
-1.3259863946 0.0629891957
-1.3260224090 0.0629531813
-1.3260944378 0.0629531813
-1.3261304522 0.0629171669
-1.3261664666 0.0628811525
-1.3262024810 0.0628451381
-1.3262384954 0.0628091236
-1.3262745098 0.0627731092
-1.3262745098 0.0627010804
-1.3262384954 0.0626650660
-1.3262024810 0.0626290516
-1.3261664666 0.0625930372
-1.3261304522 0.0625570228
-1.3261304522 0.0624849940
-1.3260944378 0.0624489796
-1.3260584234 0.0624129652
-1.3260584234 0.0623409364
-1.3260584234 0.0622689076
-1.3260584234 0.0621968788
-1.3260584234 0.0621248499
-1.3260584234 0.0620528211
-1.3260584234 0.0619807923
-1.3260944378 0.0619447779
-1.3261304522 0.0619087635
-1.3261304522 0.0618367347
-1.3261664666 0.0618007203
-1.3262024810 0.0617647059
-1.3262024810 0.0616926771
-1.3262384954 0.0616566627
-1.3263105242 0.0616566627
-1.3263465386 0.0616206483
-1.3263825530 0.0615846339
-1.3264545818 0.0615846339
-1.3264905962 0.0615486194
-1.3265266106 0.0615126050
-1.3265626251 0.0614765906
-1.3265626251 0.0614045618
-1.3265626251 0.0613325330
-1.3265266106 0.0612965186
-1.3264905962 0.0612605042
-1.3264545818 0.0612244898
-1.3264185674 0.0611884754
-1.3264185674 0.0611164466
-1.3263825530 0.0610804322
-1.3263465386 0.0610444178
-1.3263465386 0.0609723890
-1.3263465386 0.0609003601
-1.3263465386 0.0608283313
-1.3263465386 0.0607563025
-1.3263465386 0.0606842737
-1.3263825530 0.0606482593
-1.3264185674 0.0606122449
-1.3264185674 0.0605402161
-1.3264545818 0.0605042017
-1.3264905962 0.0604681873
-1.3264905962 0.0603961585
-1.3265266106 0.0603601441
-1.3265626251 0.0603241297
-1.3265986395 0.0602881152
-1.3266706683 0.0602881152
-1.3267066827 0.0602521008
-1.3267426971 0.0602160864
-1.3267787115 0.0601800720
-1.3268147259 0.0601440576
-1.3268507403 0.0601080432
-1.3268507403 0.0600360144
-1.3268147259 0.0600000000
-1.3267787115 0.0599639856
-1.3267787115 0.0598919568
-1.3267426971 0.0598559424
-1.3267066827 0.0598199280
-1.3267066827 0.0597478992
-1.3266706683 0.0597118848
-1.3266346539 0.0596758703
-1.3266346539 0.0596038415
-1.3266346539 0.0595318127
-1.3266706683 0.0594957983
-1.3267066827 0.0594597839
-1.3267066827 0.0593877551
-1.3267066827 0.0593157263
-1.3267066827 0.0592436975
-1.3267426971 0.0592076831
-1.3267787115 0.0591716687
-1.3268147259 0.0591356543
-1.3268507403 0.0590996399
-1.3268867547 0.0590636255
-1.3269227691 0.0590276110
-1.3269587835 0.0589915966
-1.3269947979 0.0589555822
-1.3270308123 0.0589195678
-1.3270668267 0.0588835534
-1.3270668267 0.0588115246
-1.3270668267 0.0587394958
-1.3270668267 0.0586674670
-1.3270308123 0.0586314526
-1.3269947979 0.0585954382
-1.3269947979 0.0585234094
-1.3269947979 0.0584513806
-1.3269587835 0.0584153661
-1.3269227691 0.0583793517
-1.3269227691 0.0583073229
-1.3269227691 0.0582352941
-1.3269587835 0.0581992797
-1.3269947979 0.0581632653
-1.3269947979 0.0580912365
-1.3269947979 0.0580192077
-1.3270308123 0.0579831933
-1.3270668267 0.0579471789
-1.3271028411 0.0579111645
-1.3271388555 0.0578751501
-1.3271748699 0.0578391357
-1.3272108844 0.0578031212
-1.3272468988 0.0577671068
-1.3272829132 0.0577310924
-1.3273189276 0.0576950780
-1.3273549420 0.0576590636
-1.3273549420 0.0575870348
-1.3273189276 0.0575510204
-1.3272829132 0.0575150060
-1.3272829132 0.0574429772
-1.3272468988 0.0574069628
-1.3272108844 0.0573709484
-1.3272108844 0.0572989196
-1.3272108844 0.0572268908
-1.3272108844 0.0571548619
-1.3272108844 0.0570828331
-1.3272108844 0.0570108043
-1.3272108844 0.0569387755
-1.3272468988 0.0569027611
-1.3272829132 0.0568667467
-1.3272829132 0.0567947179
-1.3273189276 0.0567587035
-1.3273549420 0.0567226891
-1.3273909564 0.0566866747
-1.3274269708 0.0566506603
-1.3274629852 0.0566146459
-1.3274989996 0.0565786315
-1.3275350140 0.0565426170
-1.3275710284 0.0565066026
-1.3275710284 0.0564345738
-1.3275710284 0.0563625450
-1.3275350140 0.0563265306
-1.3274989996 0.0562905162
-1.3274989996 0.0562184874
-1.3274989996 0.0561464586
-1.3274629852 0.0561104442
-1.3274269708 0.0560744298
-1.3274269708 0.0560024010
-1.3274269708 0.0559303721
-1.3274269708 0.0558583433
-1.3274629852 0.0558223289
-1.3274989996 0.0557863145
-1.3274989996 0.0557142857
-1.3275350140 0.0556782713
-1.3275710284 0.0556422569
-1.3276070428 0.0556062425
-1.3276430572 0.0555702281
-1.3276790716 0.0555342137
-1.3277150860 0.0554981993
-1.3277511004 0.0554621849
-1.3277871148 0.0554261705
-1.3277871148 0.0553541417
-1.3277871148 0.0552821128
-1.3277871148 0.0552100840
-1.3277511004 0.0551740696
-1.3277150860 0.0551380552
-1.3277150860 0.0550660264
-1.3276790716 0.0550300120
-1.3276430572 0.0549939976
-1.3276430572 0.0549219688
-1.3276430572 0.0548499400
-1.3276790716 0.0548139256
-1.3277150860 0.0547779112
-1.3277150860 0.0547058824
-1.3277150860 0.0546338535
-1.3277511004 0.0545978391
-1.3277871148 0.0545618247
-1.3278231293 0.0545258103
-1.3278591437 0.0544897959
-1.3278951581 0.0544537815
-1.3279311725 0.0544177671
-1.3279671869 0.0543817527
-1.3280032013 0.0543457383
-1.3280032013 0.0542737095
-1.3280032013 0.0542016807
-1.3280032013 0.0541296519
-1.3279671869 0.0540936375
-1.3279311725 0.0540576230
-1.3279311725 0.0539855942
-1.3279311725 0.0539135654
-1.3279311725 0.0538415366
-1.3279311725 0.0537695078
-1.3279311725 0.0536974790
-1.3279671869 0.0536614646
-1.3280032013 0.0536254502
-1.3280032013 0.0535534214
-1.3280392157 0.0535174070
-1.3280752301 0.0534813926
-1.3281112445 0.0534453782
-1.3281472589 0.0534093637
-1.3281472589 0.0533373349
-1.3281832733 0.0533013205
-1.3282192877 0.0532653061
-1.3282192877 0.0531932773
-1.3281832733 0.0531572629
-1.3281472589 0.0531212485
-1.3281472589 0.0530492197
-1.3281472589 0.0529771909
-1.3281112445 0.0529411765
-1.3280752301 0.0529051621
-1.3280752301 0.0528331333
-1.3280752301 0.0527611044
-1.3281112445 0.0527250900
-1.3281472589 0.0526890756
-1.3281472589 0.0526170468
-1.3281832733 0.0525810324
-1.3282192877 0.0525450180
-1.3282192877 0.0524729892
-1.3282553021 0.0524369748
-1.3282913165 0.0524009604
-1.3283273309 0.0523649460
-1.3283633453 0.0523289316
-1.3283633453 0.0522569028
-1.3283633453 0.0521848739
-1.3283633453 0.0521128451
-1.3283633453 0.0520408163
-1.3283273309 0.0520048019
-1.3282913165 0.0519687875
-1.3282913165 0.0518967587
-1.3282913165 0.0518247299
-1.3282913165 0.0517527011
-1.3283273309 0.0517166867
-1.3283633453 0.0516806723
-1.3283633453 0.0516086435
-1.3283993597 0.0515726291
-1.3284353741 0.0515366146
-1.3284713886 0.0515006002
-1.3285074030 0.0514645858
-1.3285074030 0.0513925570
-1.3285434174 0.0513565426
-1.3285794318 0.0513205282
-1.3285794318 0.0512484994
-1.3285434174 0.0512124850
-1.3285074030 0.0511764706
-1.3285074030 0.0511044418
-1.3285074030 0.0510324130
-1.3285074030 0.0509603842
-1.3285074030 0.0508883553
-1.3285074030 0.0508163265
-1.3285434174 0.0507803121
-1.3285794318 0.0507442977
-1.3285794318 0.0506722689
-1.3286154462 0.0506362545
-1.3286514606 0.0506002401
-1.3286874750 0.0505642257
-1.3287234894 0.0505282113
-1.3287234894 0.0504561825
-1.3287234894 0.0503841537
-1.3287234894 0.0503121248
-1.3287234894 0.0502400960
-1.3287234894 0.0501680672
-1.3286874750 0.0501320528
-1.3286514606 0.0500960384
-1.3286514606 0.0500240096
-1.3286514606 0.0499519808
-1.3286514606 0.0498799520
-1.3286874750 0.0498439376
-1.3287234894 0.0498079232
-1.3287234894 0.0497358944
-1.3287595038 0.0496998800
-1.3287955182 0.0496638655
-1.3288315326 0.0496278511
-1.3288675470 0.0495918367
-1.3289035614 0.0495558223
-1.3289395758 0.0495198079
-1.3289395758 0.0494477791
-1.3289395758 0.0493757503
-1.3289035614 0.0493397359
-1.3288675470 0.0493037215
-1.3288675470 0.0492316927
-1.3288675470 0.0491596639
-1.3288675470 0.0490876351
-1.3288675470 0.0490156062
-1.3288675470 0.0489435774
-1.3289035614 0.0489075630
-1.3289395758 0.0488715486
-1.3289395758 0.0487995198
-1.3289755902 0.0487635054
-1.3290116046 0.0487274910
-1.3290116046 0.0486554622
-1.3290116046 0.0485834334
-1.3290116046 0.0485114046
-1.3290116046 0.0484393758
-1.3289755902 0.0484033613
-1.3289395758 0.0483673469
-1.3289395758 0.0482953181
-1.3289755902 0.0482593037
-1.3290116046 0.0482232893
-1.3290116046 0.0481512605
-1.3290116046 0.0480792317
-1.3290476190 0.0480432173
-1.3290836335 0.0480072029
-1.3291196479 0.0479711885
-1.3291556623 0.0479351741
-1.3291916767 0.0478991597
-1.3292276911 0.0478631453
-1.3292276911 0.0477911164
-1.3292276911 0.0477190876
-1.3292276911 0.0476470588
-1.3291916767 0.0476110444
-1.3291556623 0.0475750300
-1.3291556623 0.0475030012
-1.3291556623 0.0474309724
-1.3291556623 0.0473589436
-1.3291556623 0.0472869148
-1.3291916767 0.0472509004
-1.3292276911 0.0472148860
-1.3292276911 0.0471428571
-1.3292637055 0.0471068427
-1.3292997199 0.0470708283
-1.3292997199 0.0469987995
-1.3292997199 0.0469267707
-1.3292997199 0.0468547419
-1.3292997199 0.0467827131
-1.3292997199 0.0467106843
-1.3292997199 0.0466386555
-1.3292997199 0.0465666267
-1.3292997199 0.0464945978
-1.3293357343 0.0464585834
-1.3293717487 0.0464225690
-1.3293717487 0.0463505402
-1.3293717487 0.0462785114
-1.3293717487 0.0462064826
-1.3293717487 0.0461344538
-1.3293717487 0.0460624250
-1.3293717487 0.0459903962
-1.3293717487 0.0459183673
-1.3293717487 0.0458463385
-1.3294077631 0.0458103241
-1.3294437775 0.0457743097
-1.3294437775 0.0457022809
-1.3294797919 0.0456662665
-1.3295158063 0.0456302521
-1.3295158063 0.0455582233
-1.3295518207 0.0455222089
-1.3295878351 0.0454861945
-1.3295878351 0.0454141657
-1.3295878351 0.0453421369
-1.3295878351 0.0452701080
-1.3295518207 0.0452340936
-1.3295158063 0.0451980792
-1.3295518207 0.0451620648
-1.3295878351 0.0451260504
-1.3295878351 0.0450540216
-1.3295878351 0.0449819928
-1.3296238495 0.0449459784
-1.3296598639 0.0449099640
-1.3296598639 0.0448379352
-1.3296598639 0.0447659064
-1.3296598639 0.0446938776
-1.3296598639 0.0446218487
-1.3296598639 0.0445498199
-1.3296598639 0.0444777911
-1.3296958784 0.0444417767
-1.3297318928 0.0444057623
-1.3297318928 0.0443337335
-1.3297318928 0.0442617047
-1.3297318928 0.0441896759
-1.3297679072 0.0441536615
-1.3298039216 0.0441176471
-1.3298039216 0.0440456182
-1.3298039216 0.0439735894
-1.3298039216 0.0439015606
-1.3298039216 0.0438295318
-1.3298039216 0.0437575030
-1.3298039216 0.0436854742
-1.3298039216 0.0436134454
-1.3298039216 0.0435414166
-1.3298399360 0.0435054022
-1.3298759504 0.0434693878
-1.3298759504 0.0433973589
-1.3298759504 0.0433253301
-1.3298759504 0.0432533013
-1.3298759504 0.0431812725
-1.3299119648 0.0431452581
-1.3299479792 0.0431092437
-1.3299479792 0.0430372149
-1.3299479792 0.0429651861
-1.3299479792 0.0428931573
-1.3299479792 0.0428211285
-1.3299839936 0.0427851140
-1.3300200080 0.0427490996
-1.3300200080 0.0426770708
-1.3300200080 0.0426050420
-1.3300200080 0.0425330132
-1.3300200080 0.0424609844
-1.3300200080 0.0423889556
-1.3300200080 0.0423169268
-1.3300200080 0.0422448980
-1.3300200080 0.0421728691
-1.3300560224 0.0421368547
-1.3300920368 0.0421008403
-1.3300920368 0.0420288115
-1.3300920368 0.0419567827
-1.3300920368 0.0418847539
-1.3300920368 0.0418127251
-1.3300920368 0.0417406963
-1.3300920368 0.0416686675
-1.3300920368 0.0415966387
-1.3301280512 0.0415606242
-1.3301640656 0.0415246098
-1.3301640656 0.0414525810
-1.3301640656 0.0413805522
-1.3301640656 0.0413085234
-1.3301640656 0.0412364946
-1.3301640656 0.0411644658
-1.3302000800 0.0411284514
-1.3302360944 0.0410924370
-1.3302360944 0.0410204082
-1.3302360944 0.0409483794
-1.3302360944 0.0408763505
-1.3302360944 0.0408043217
-1.3302360944 0.0407322929
-1.3302360944 0.0406602641
-1.3302360944 0.0405882353
-1.3302721088 0.0405522209
-1.3303081232 0.0405162065
-1.3303081232 0.0404441777
-1.3303081232 0.0403721489
-1.3303081232 0.0403001200
-1.3303441377 0.0402641056
-1.3303801521 0.0402280912
-1.3303801521 0.0401560624
-1.3303801521 0.0400840336
-1.3303801521 0.0400120048
-1.3303801521 0.0399399760
-1.3303801521 0.0398679472
-1.3304161665 0.0398319328
-1.3304521809 0.0397959184
-1.3304521809 0.0397238896
-1.3304521809 0.0396518607
-1.3304521809 0.0395798319
-1.3304521809 0.0395078031
-1.3304521809 0.0394357743
-1.3304521809 0.0393637455
-1.3304521809 0.0392917167
-1.3304881953 0.0392557023
-1.3305242097 0.0392196879
-1.3305242097 0.0391476591
-1.3305242097 0.0390756303
-1.3305242097 0.0390036014
-1.3305242097 0.0389315726
-1.3305602241 0.0388955582
-1.3305962385 0.0388595438
-1.3305962385 0.0387875150
-1.3305962385 0.0387154862
-1.3305962385 0.0386434574
-1.3305962385 0.0385714286
-1.3305962385 0.0384993998
-1.3305962385 0.0384273709
-1.3305962385 0.0383553421
-1.3305962385 0.0382833133
-1.3306322529 0.0382472989
-1.3306682673 0.0382112845
-1.3306682673 0.0381392557
-1.3306682673 0.0380672269
-1.3306682673 0.0379951981
-1.3306682673 0.0379231693
-1.3306682673 0.0378511405
-1.3307042817 0.0378151261
-1.3307402961 0.0377791116
-1.3307402961 0.0377070828
-1.3307402961 0.0376350540
-1.3307402961 0.0375630252
-1.3307402961 0.0374909964
-1.3307402961 0.0374189676
-1.3307402961 0.0373469388
-1.3307402961 0.0372749100
-1.3307763105 0.0372388956
-1.3308123249 0.0372028812
-1.3308123249 0.0371308523
-1.3308123249 0.0370588235
-1.3308123249 0.0369867947
-1.3308123249 0.0369147659
-1.3308123249 0.0368427371
-1.3308123249 0.0367707083
-1.3308123249 0.0366986795
-1.3308483393 0.0366626651
-1.3308843537 0.0366266507
-1.3308843537 0.0365546218
-1.3308843537 0.0364825930
-1.3308843537 0.0364105642
-1.3308843537 0.0363385354
-1.3309203681 0.0363025210
-1.3309563826 0.0362665066
-1.3309563826 0.0361944778
-1.3309563826 0.0361224490
-1.3309563826 0.0360504202
-1.3309563826 0.0359783914
-1.3309563826 0.0359063625
-1.3309563826 0.0358343337
-1.3309563826 0.0357623049
-1.3309563826 0.0356902761
-1.3309563826 0.0356182473
-1.3309923970 0.0355822329
-1.3310284114 0.0355462185
-1.3310284114 0.0354741897
-1.3310284114 0.0354021609
-1.3310284114 0.0353301321
-1.3310284114 0.0352581032
-1.3310284114 0.0351860744
-1.3310644258 0.0351500600
-1.3311004402 0.0351140456
-1.3311004402 0.0350420168
-1.3311004402 0.0349699880
-1.3311004402 0.0348979592
-1.3311004402 0.0348259304
-1.3311004402 0.0347539016
-1.3311004402 0.0346818727
-1.3311004402 0.0346098439
-1.3311364546 0.0345738295
-1.3311724690 0.0345378151
-1.3311724690 0.0344657863
-1.3311724690 0.0343937575
-1.3311724690 0.0343217287
-1.3311724690 0.0342496999
-1.3311724690 0.0341776711
-1.3311724690 0.0341056423
-1.3311724690 0.0340336134
-1.3311724690 0.0339615846
-1.3311724690 0.0338895558
-1.3311724690 0.0338175270
-1.3312084834 0.0337815126
-1.3312444978 0.0337454982
-1.3312444978 0.0336734694
-1.3312444978 0.0336014406
-1.3312444978 0.0335294118
-1.3312444978 0.0334573830
-1.3312444978 0.0333853541
-1.3312444978 0.0333133253
-1.3312805122 0.0332773109
-1.3313165266 0.0332412965
-1.3313165266 0.0331692677
-1.3313165266 0.0330972389
-1.3313165266 0.0330252101
-1.3313165266 0.0329531813
-1.3313165266 0.0328811525
-1.3313165266 0.0328091236
-1.3313165266 0.0327370948
-1.3313165266 0.0326650660
-1.3313165266 0.0325930372
-1.3313525410 0.0325570228
-1.3313885554 0.0325210084
-1.3313885554 0.0324489796
-1.3313885554 0.0323769508
-1.3313885554 0.0323049220
-1.3313885554 0.0322328932
-1.3313885554 0.0321608643
-1.3313885554 0.0320888355
-1.3313885554 0.0320168067
-1.3314245698 0.0319807923
-1.3314605842 0.0319447779
-1.3314605842 0.0318727491
-1.3314605842 0.0318007203
-1.3314605842 0.0317286915
-1.3314605842 0.0316566627
-1.3314605842 0.0315846339
-1.3314605842 0.0315126050
-1.3314605842 0.0314405762
-1.3314965986 0.0314045618
-1.3315326130 0.0313685474
-1.3315326130 0.0312965186
-1.3315326130 0.0312244898
-1.3315326130 0.0311524610
-1.3315326130 0.0310804322
-1.3315326130 0.0310084034
-1.3315326130 0.0309363745
-1.3315326130 0.0308643457
-1.3315326130 0.0307923169
-1.3315326130 0.0307202881
-1.3315326130 0.0306482593
-1.3315686275 0.0306122449
-1.3316046419 0.0305762305
-1.3316046419 0.0305042017
-1.3316046419 0.0304321729
-1.3316046419 0.0303601441
-1.3316046419 0.0302881152
-1.3316046419 0.0302160864
-1.3316046419 0.0301440576
-1.3316046419 0.0300720288
-1.3316046419 0.0300000000
-1.3316046419 0.0299279712
-1.3316406563 0.0298919568
-1.3316766707 0.0298559424
-1.3316766707 0.0297839136
-1.3316766707 0.0297118848
-1.3316766707 0.0296398559
-1.3316766707 0.0295678271
-1.3316766707 0.0294957983
-1.3316766707 0.0294237695
-1.3316766707 0.0293517407
-1.3317126851 0.0293157263
-1.3317486995 0.0292797119
-1.3317486995 0.0292076831
-1.3317486995 0.0291356543
-1.3317486995 0.0290636255
-1.3317486995 0.0289915966
-1.3317486995 0.0289195678
-1.3317486995 0.0288475390
-1.3317486995 0.0287755102
-1.3317486995 0.0287034814
-1.3317847139 0.0286674670
-1.3318207283 0.0286314526
-1.3318207283 0.0285594238
-1.3318207283 0.0284873950
-1.3318207283 0.0284153661
-1.3318207283 0.0283433373
-1.3318207283 0.0282713085
-1.3318207283 0.0281992797
-1.3318207283 0.0281272509
-1.3318207283 0.0280552221
-1.3318207283 0.0279831933
-1.3318207283 0.0279111645
-1.3318567427 0.0278751501
-1.3318927571 0.0278391357
-1.3318927571 0.0277671068
-1.3318927571 0.0276950780
-1.3318927571 0.0276230492
-1.3318927571 0.0275510204
-1.3318927571 0.0274789916
-1.3318927571 0.0274069628
-1.3318927571 0.0273349340
-1.3318927571 0.0272629052
-1.3318927571 0.0271908764
-1.3319287715 0.0271548619
-1.3319647859 0.0271188475
-1.3319647859 0.0270468187
-1.3319647859 0.0269747899
-1.3319647859 0.0269027611
-1.3319647859 0.0268307323
-1.3319647859 0.0267587035
-1.3319647859 0.0266866747
-1.3319647859 0.0266146459
-1.3319647859 0.0265426170
-1.3319647859 0.0264705882
-1.3319647859 0.0263985594
-1.3320008003 0.0263625450
-1.3320368147 0.0263265306
-1.3320368147 0.0262545018
-1.3320368147 0.0261824730
-1.3320368147 0.0261104442
-1.3320368147 0.0260384154
-1.3320368147 0.0259663866
-1.3320368147 0.0258943577
-1.3320368147 0.0258223289
-1.3320368147 0.0257503001
-1.3320368147 0.0256782713
-1.3320368147 0.0256062425
-1.3320728291 0.0255702281
-1.3321088435 0.0255342137
-1.3321088435 0.0254621849
-1.3321088435 0.0253901561
-1.3321088435 0.0253181273
-1.3321088435 0.0252460984
-1.3321088435 0.0251740696
-1.3321088435 0.0251020408
-1.3321088435 0.0250300120
-1.3321088435 0.0249579832
-1.3321088435 0.0248859544
-1.3321088435 0.0248139256
-1.3321088435 0.0247418968
-1.3321448579 0.0247058824
-1.3321808723 0.0246698679
-1.3321808723 0.0245978391
-1.3321808723 0.0245258103
-1.3321808723 0.0244537815
-1.3321808723 0.0243817527
-1.3321808723 0.0243097239
-1.3321808723 0.0242376951
-1.3321808723 0.0241656663
-1.3321808723 0.0240936375
-1.3321808723 0.0240216086
-1.3321808723 0.0239495798
-1.3322168868 0.0239135654
-1.3322529012 0.0238775510
-1.3322529012 0.0238055222
-1.3322529012 0.0237334934
-1.3322529012 0.0236614646
-1.3322529012 0.0235894358
-1.3322529012 0.0235174070
-1.3322529012 0.0234453782
-1.3322529012 0.0233733493
-1.3322529012 0.0233013205
-1.3322529012 0.0232292917
-1.3322529012 0.0231572629
-1.3322529012 0.0230852341
-1.3322529012 0.0230132053
-1.3322889156 0.0229771909
-1.3323249300 0.0229411765
-1.3323249300 0.0228691477
-1.3323249300 0.0227971188
-1.3323249300 0.0227250900
-1.3323249300 0.0226530612
-1.3323249300 0.0225810324
-1.3323249300 0.0225090036
-1.3323249300 0.0224369748
-1.3323249300 0.0223649460
-1.3323249300 0.0222929172
-1.3323249300 0.0222208884
-1.3323249300 0.0221488595
-1.3323249300 0.0220768307
-1.3323609444 0.0220408163
-1.3323969588 0.0220048019
-1.3323969588 0.0219327731
-1.3323969588 0.0218607443
-1.3323969588 0.0217887155
-1.3323969588 0.0217166867
-1.3323969588 0.0216446579
-1.3323969588 0.0215726291
-1.3323969588 0.0215006002
-1.3323969588 0.0214285714
-1.3323969588 0.0213565426
-1.3323969588 0.0212845138
-1.3323969588 0.0212124850
-1.3323969588 0.0211404562
-1.3324329732 0.0211044418
-1.3324689876 0.0210684274
-1.3324689876 0.0209963986
-1.3324689876 0.0209243697
-1.3324689876 0.0208523409
-1.3324689876 0.0207803121
-1.3324689876 0.0207082833
-1.3324689876 0.0206362545
-1.3324689876 0.0205642257
-1.3324689876 0.0204921969
-1.3324689876 0.0204201681
-1.3324689876 0.0203481393
-1.3324689876 0.0202761104
-1.3324689876 0.0202040816
-1.3324689876 0.0201320528
-1.3324689876 0.0200600240
-1.3324689876 0.0199879952
-1.3324689876 0.0199159664
-1.3324689876 0.0198439376
-1.3325050020 0.0198079232
-1.3325410164 0.0197719088
-1.3325410164 0.0196998800
-1.3325410164 0.0196278511
-1.3325410164 0.0195558223
-1.3325410164 0.0194837935
-1.3325410164 0.0194117647
-1.3325410164 0.0193397359
-1.3325410164 0.0192677071
-1.3325770308 0.0192316927
-1.3326130452 0.0191956783
-1.3326130452 0.0191236495
-1.3326130452 0.0190516206
-1.3326130452 0.0189795918
-1.3326130452 0.0189075630
-1.3326130452 0.0188355342
-1.3326130452 0.0187635054
-1.3326130452 0.0186914766
-1.3326130452 0.0186194478
-1.3326130452 0.0185474190
-1.3326130452 0.0184753902
-1.3326130452 0.0184033613
-1.3326130452 0.0183313325
-1.3326490596 0.0182953181
-1.3326850740 0.0182593037
-1.3326850740 0.0181872749
-1.3326850740 0.0181152461
-1.3326850740 0.0180432173
-1.3326850740 0.0179711885
-1.3326850740 0.0178991597
-1.3326850740 0.0178271309
-1.3326850740 0.0177551020
-1.3326850740 0.0176830732
-1.3326850740 0.0176110444
-1.3326850740 0.0175390156
-1.3326850740 0.0174669868
-1.3326850740 0.0173949580
-1.3326850740 0.0173229292
-1.3327210884 0.0172869148
-1.3327571028 0.0172509004
-1.3327571028 0.0171788715
-1.3327571028 0.0171068427
-1.3327571028 0.0170348139
-1.3327571028 0.0169627851
-1.3327571028 0.0168907563
-1.3327571028 0.0168187275
-1.3327571028 0.0167466987
-1.3327571028 0.0166746699
-1.3327571028 0.0166026411
-1.3327571028 0.0165306122
-1.3327571028 0.0164585834
-1.3327571028 0.0163865546
-1.3327571028 0.0163145258
-1.3327571028 0.0162424970
-1.3327931172 0.0162064826
-1.3328291317 0.0161704682
-1.3328291317 0.0160984394
-1.3328291317 0.0160264106
-1.3328291317 0.0159543818
-1.3328291317 0.0158823529
-1.3328291317 0.0158103241
-1.3328291317 0.0157382953
-1.3328291317 0.0156662665
-1.3328291317 0.0155942377
-1.3328291317 0.0155222089
-1.3328651461 0.0154861945
-1.3329011605 0.0154501801
-1.3329011605 0.0153781513
-1.3329011605 0.0153061224
-1.3329011605 0.0152340936
-1.3329011605 0.0151620648
-1.3329011605 0.0150900360
-1.3329011605 0.0150180072
-1.3329011605 0.0149459784
-1.3329011605 0.0148739496
-1.3329011605 0.0148019208
-1.3329371749 0.0147659064
-1.3329731893 0.0147298920
-1.3329731893 0.0146578631
-1.3329731893 0.0145858343
-1.3330092037 0.0145498199
-1.3330452181 0.0145138055
-1.3330812325 0.0144777911
-1.3331532613 0.0144777911
-1.3331892757 0.0145138055
-1.3331892757 0.0145858343
-1.3331892757 0.0146578631
-1.3332252901 0.0146938776
-1.3332613045 0.0147298920
-1.3332613045 0.0148019208
-1.3332613045 0.0148739496
-1.3332613045 0.0149459784
-1.3332613045 0.0150180072
-1.3332613045 0.0150900360
-1.3332613045 0.0151620648
-1.3332613045 0.0152340936
-1.3332613045 0.0153061224
-1.3332613045 0.0153781513
-1.3332613045 0.0154501801
-1.3332613045 0.0155222089
-1.3332613045 0.0155942377
-1.3332613045 0.0156662665
-1.3332973189 0.0157022809
-1.3333333333 0.0157382953
-1.3333333333 0.0158103241
-1.3333333333 0.0158823529
-1.3333333333 0.0159543818
-1.3332973189 0.0159903962
-1.3332613045 0.0160264106
-1.3332613045 0.0160984394
-1.3332613045 0.0161704682
-1.3332613045 0.0162424970
-1.3332613045 0.0163145258
-1.3332613045 0.0163865546
-1.3332613045 0.0164585834
-1.3332613045 0.0165306122
-1.3332613045 0.0166026411
-1.3332613045 0.0166746699
-1.3332613045 0.0167466987
-1.3332613045 0.0168187275
-1.3332613045 0.0168907563
-1.3332613045 0.0169627851
-1.3332613045 0.0170348139
-1.3332613045 0.0171068427
-1.3332613045 0.0171788715
-1.3332613045 0.0172509004
-1.3332613045 0.0173229292
-1.3332613045 0.0173949580
-1.3332613045 0.0174669868
-1.3332613045 0.0175390156
-1.3332613045 0.0176110444
-1.3332613045 0.0176830732
-1.3332613045 0.0177551020
-1.3332613045 0.0178271309
-1.3332613045 0.0178991597
-1.3332613045 0.0179711885
-1.3332613045 0.0180432173
-1.3332613045 0.0181152461
-1.3332613045 0.0181872749
-1.3332613045 0.0182593037
-1.3332613045 0.0183313325
-1.3332613045 0.0184033613
-1.3332613045 0.0184753902
-1.3332613045 0.0185474190
-1.3332613045 0.0186194478
-1.3332613045 0.0186914766
-1.3332613045 0.0187635054
-1.3332613045 0.0188355342
-1.3332613045 0.0189075630
-1.3332613045 0.0189795918
-1.3332613045 0.0190516206
-1.3332613045 0.0191236495
-1.3332613045 0.0191956783
-1.3332613045 0.0192677071
-1.3332613045 0.0193397359
-1.3332613045 0.0194117647
-1.3332613045 0.0194837935
-1.3332613045 0.0195558223
-1.3332613045 0.0196278511
-1.3332613045 0.0196998800
-1.3332613045 0.0197719088
-1.3332613045 0.0198439376
-1.3332613045 0.0199159664
-1.3332613045 0.0199879952
-1.3332613045 0.0200600240
-1.3332613045 0.0201320528
-1.3332613045 0.0202040816
-1.3332613045 0.0202761104
-1.3332613045 0.0203481393
-1.3332613045 0.0204201681
-1.3332613045 0.0204921969
-1.3332613045 0.0205642257
-1.3332613045 0.0206362545
-1.3332613045 0.0207082833
-1.3332613045 0.0207803121
-1.3332613045 0.0208523409
-1.3332613045 0.0209243697
-1.3332613045 0.0209963986
-1.3332613045 0.0210684274
-1.3332613045 0.0211404562
-1.3332613045 0.0212124850
-1.3332613045 0.0212845138
-1.3332613045 0.0213565426
-1.3332613045 0.0214285714
-1.3332613045 0.0215006002
-1.3332613045 0.0215726291
-1.3332613045 0.0216446579
-1.3332613045 0.0217166867
-1.3332613045 0.0217887155
-1.3332613045 0.0218607443
-1.3332613045 0.0219327731
-1.3332613045 0.0220048019
-1.3332613045 0.0220768307
-1.3332613045 0.0221488595
-1.3332613045 0.0222208884
-1.3332613045 0.0222929172
-1.3332613045 0.0223649460
-1.3332613045 0.0224369748
-1.3332613045 0.0225090036
-1.3332613045 0.0225810324
-1.3332613045 0.0226530612
-1.3332613045 0.0227250900
-1.3332613045 0.0227971188
-1.3332613045 0.0228691477
-1.3332252901 0.0229051621
-1.3331892757 0.0229411765
-1.3331892757 0.0230132053
-1.3331892757 0.0230852341
-1.3331892757 0.0231572629
-1.3331892757 0.0232292917
-1.3331892757 0.0233013205
-1.3331892757 0.0233733493
-1.3331892757 0.0234453782
-1.3331892757 0.0235174070
-1.3331892757 0.0235894358
-1.3331892757 0.0236614646
-1.3331892757 0.0237334934
-1.3331892757 0.0238055222
-1.3331892757 0.0238775510
-1.3331892757 0.0239495798
-1.3331892757 0.0240216086
-1.3331892757 0.0240936375
-1.3331892757 0.0241656663
-1.3331892757 0.0242376951
-1.3331892757 0.0243097239
-1.3331892757 0.0243817527
-1.3331892757 0.0244537815
-1.3331892757 0.0245258103
-1.3331892757 0.0245978391
-1.3331892757 0.0246698679
-1.3331892757 0.0247418968
-1.3331892757 0.0248139256
-1.3331892757 0.0248859544
-1.3331892757 0.0249579832
-1.3331892757 0.0250300120
-1.3331892757 0.0251020408
-1.3331892757 0.0251740696
-1.3331892757 0.0252460984
-1.3331892757 0.0253181273
-1.3331892757 0.0253901561
-1.3331892757 0.0254621849
-1.3331532613 0.0254981993
-1.3331172469 0.0255342137
-1.3331172469 0.0256062425
-1.3331172469 0.0256782713
-1.3331172469 0.0257503001
-1.3331172469 0.0258223289
-1.3331172469 0.0258943577
-1.3331172469 0.0259663866
-1.3331172469 0.0260384154
-1.3331172469 0.0261104442
-1.3331172469 0.0261824730
-1.3331172469 0.0262545018
-1.3331172469 0.0263265306
-1.3331172469 0.0263985594
-1.3331172469 0.0264705882
-1.3331172469 0.0265426170
-1.3331172469 0.0266146459
-1.3331172469 0.0266866747
-1.3331172469 0.0267587035
-1.3331172469 0.0268307323
-1.3331172469 0.0269027611
-1.3331172469 0.0269747899
-1.3331172469 0.0270468187
-1.3331172469 0.0271188475
-1.3331172469 0.0271908764
-1.3331172469 0.0272629052
-1.3331172469 0.0273349340
-1.3331172469 0.0274069628
-1.3331172469 0.0274789916
-1.3331172469 0.0275510204
-1.3331172469 0.0276230492
-1.3331172469 0.0276950780
-1.3330812325 0.0277310924
-1.3330452181 0.0277671068
-1.3330452181 0.0278391357
-1.3330452181 0.0279111645
-1.3330452181 0.0279831933
-1.3330452181 0.0280552221
-1.3330452181 0.0281272509
-1.3330452181 0.0281992797
-1.3330452181 0.0282713085
-1.3330452181 0.0283433373
-1.3330452181 0.0284153661
-1.3330452181 0.0284873950
-1.3330452181 0.0285594238
-1.3330452181 0.0286314526
-1.3330452181 0.0287034814
-1.3330452181 0.0287755102
-1.3330452181 0.0288475390
-1.3330452181 0.0289195678
-1.3330452181 0.0289915966
-1.3330452181 0.0290636255
-1.3330452181 0.0291356543
-1.3330452181 0.0292076831
-1.3330452181 0.0292797119
-1.3330452181 0.0293517407
-1.3330452181 0.0294237695
-1.3330452181 0.0294957983
-1.3330452181 0.0295678271
-1.3330452181 0.0296398559
-1.3330452181 0.0297118848
-1.3330452181 0.0297839136
-1.3330452181 0.0298559424
-1.3330452181 0.0299279712
-1.3330452181 0.0300000000
-1.3330452181 0.0300720288
-1.3330452181 0.0301440576
-1.3330452181 0.0302160864
-1.3330452181 0.0302881152
-1.3330452181 0.0303601441
-1.3330452181 0.0304321729
-1.3330452181 0.0305042017
-1.3330452181 0.0305762305
-1.3330092037 0.0306122449
-1.3329731893 0.0306482593
-1.3329731893 0.0307202881
-1.3329731893 0.0307923169
-1.3329731893 0.0308643457
-1.3329731893 0.0309363745
-1.3329731893 0.0310084034
-1.3330092037 0.0310444178
-1.3330452181 0.0310804322
-1.3330452181 0.0311524610
-1.3330452181 0.0312244898
-1.3330452181 0.0312965186
-1.3330452181 0.0313685474
-1.3330452181 0.0314405762
-1.3330452181 0.0315126050
-1.3330452181 0.0315846339
-1.3330092037 0.0316206483
-1.3329731893 0.0316566627
-1.3329731893 0.0317286915
-1.3329731893 0.0318007203
-1.3329731893 0.0318727491
-1.3329731893 0.0319447779
-1.3329731893 0.0320168067
-1.3329731893 0.0320888355
-1.3329731893 0.0321608643
-1.3329731893 0.0322328932
-1.3329731893 0.0323049220
-1.3329731893 0.0323769508
-1.3329731893 0.0324489796
-1.3329731893 0.0325210084
-1.3329731893 0.0325930372
-1.3329731893 0.0326650660
-1.3329731893 0.0327370948
-1.3329731893 0.0328091236
-1.3329731893 0.0328811525
-1.3329731893 0.0329531813
-1.3329731893 0.0330252101
-1.3329731893 0.0330972389
-1.3329731893 0.0331692677
-1.3329731893 0.0332412965
-1.3329731893 0.0333133253
-1.3329371749 0.0333493397
-1.3329011605 0.0333853541
-1.3329011605 0.0334573830
-1.3329011605 0.0335294118
-1.3329011605 0.0336014406
-1.3329011605 0.0336734694
-1.3329011605 0.0337454982
-1.3329011605 0.0338175270
-1.3329011605 0.0338895558
-1.3329011605 0.0339615846
-1.3329011605 0.0340336134
-1.3329011605 0.0341056423
-1.3329011605 0.0341776711
-1.3329011605 0.0342496999
-1.3329011605 0.0343217287
-1.3329011605 0.0343937575
-1.3329011605 0.0344657863
-1.3329011605 0.0345378151
-1.3329011605 0.0346098439
-1.3329011605 0.0346818727
-1.3329011605 0.0347539016
-1.3329011605 0.0348259304
-1.3329011605 0.0348979592
-1.3329011605 0.0349699880
-1.3329011605 0.0350420168
-1.3329011605 0.0351140456
-1.3329011605 0.0351860744
-1.3328651461 0.0352220888
-1.3328291317 0.0352581032
-1.3328291317 0.0353301321
-1.3328291317 0.0354021609
-1.3328291317 0.0354741897
-1.3328291317 0.0355462185
-1.3328291317 0.0356182473
-1.3328291317 0.0356902761
-1.3328291317 0.0357623049
-1.3328291317 0.0358343337
-1.3328291317 0.0359063625
-1.3328291317 0.0359783914
-1.3328291317 0.0360504202
-1.3328291317 0.0361224490
-1.3328291317 0.0361944778
-1.3328291317 0.0362665066
-1.3328291317 0.0363385354
-1.3328291317 0.0364105642
-1.3328291317 0.0364825930
-1.3328291317 0.0365546218
-1.3328291317 0.0366266507
-1.3328291317 0.0366986795
-1.3328291317 0.0367707083
-1.3328291317 0.0368427371
-1.3328291317 0.0369147659
-1.3328291317 0.0369867947
-1.3328291317 0.0370588235
-1.3328291317 0.0371308523
-1.3328291317 0.0372028812
-1.3328291317 0.0372749100
-1.3328291317 0.0373469388
-1.3328291317 0.0374189676
-1.3328291317 0.0374909964
-1.3328291317 0.0375630252
-1.3328291317 0.0376350540
-1.3328291317 0.0377070828
-1.3328291317 0.0377791116
-1.3328291317 0.0378511405
-1.3328291317 0.0379231693
-1.3327931172 0.0379591837
-1.3327571028 0.0379951981
-1.3327571028 0.0380672269
-1.3327571028 0.0381392557
-1.3327571028 0.0382112845
-1.3327571028 0.0382833133
-1.3327571028 0.0383553421
-1.3327571028 0.0384273709
-1.3327571028 0.0384993998
-1.3327571028 0.0385714286
-1.3327571028 0.0386434574
-1.3327571028 0.0387154862
-1.3327571028 0.0387875150
-1.3327571028 0.0388595438
-1.3327571028 0.0389315726
-1.3327571028 0.0390036014
-1.3327571028 0.0390756303
-1.3327571028 0.0391476591
-1.3327571028 0.0392196879
-1.3327571028 0.0392917167
-1.3327571028 0.0393637455
-1.3327571028 0.0394357743
-1.3327571028 0.0395078031
-1.3327210884 0.0395438175
-1.3326850740 0.0395798319
-1.3326850740 0.0396518607
-1.3326850740 0.0397238896
-1.3327210884 0.0397599040
-1.3327571028 0.0397959184
-1.3327571028 0.0398679472
-1.3327571028 0.0399399760
-1.3327571028 0.0400120048
-1.3327210884 0.0400480192
-1.3326850740 0.0400840336
-1.3326850740 0.0401560624
-1.3326850740 0.0402280912
-1.3327210884 0.0402641056
-1.3327571028 0.0403001200
-1.3327571028 0.0403721489
-1.3327571028 0.0404441777
-1.3327571028 0.0405162065
-1.3327210884 0.0405522209
-1.3326850740 0.0405882353
-1.3326850740 0.0406602641
-1.3326850740 0.0407322929
-1.3326850740 0.0408043217
-1.3326850740 0.0408763505
-1.3326850740 0.0409483794
-1.3326850740 0.0410204082
-1.3326850740 0.0410924370
-1.3326850740 0.0411644658
-1.3326850740 0.0412364946
-1.3326850740 0.0413085234
-1.3326850740 0.0413805522
-1.3326850740 0.0414525810
-1.3326850740 0.0415246098
-1.3326850740 0.0415966387
-1.3326850740 0.0416686675
-1.3326850740 0.0417406963
-1.3326850740 0.0418127251
-1.3326850740 0.0418847539
-1.3326490596 0.0419207683
-1.3326130452 0.0419567827
-1.3326130452 0.0420288115
-1.3326490596 0.0420648259
-1.3326850740 0.0421008403
-1.3326850740 0.0421728691
-1.3326850740 0.0422448980
-1.3326850740 0.0423169268
-1.3326850740 0.0423889556
-1.3326490596 0.0424249700
-1.3326130452 0.0424609844
-1.3326130452 0.0425330132
-1.3326130452 0.0426050420
-1.3326130452 0.0426770708
-1.3326130452 0.0427490996
-1.3326130452 0.0428211285
-1.3326130452 0.0428931573
-1.3326130452 0.0429651861
-1.3326130452 0.0430372149
-1.3326130452 0.0431092437
-1.3326130452 0.0431812725
-1.3326130452 0.0432533013
-1.3326130452 0.0433253301
-1.3326130452 0.0433973589
-1.3326130452 0.0434693878
-1.3326490596 0.0435054022
-1.3326850740 0.0435414166
-1.3326850740 0.0436134454
-1.3326850740 0.0436854742
-1.3326490596 0.0437214886
-1.3326130452 0.0437575030
-1.3326130452 0.0438295318
-1.3326130452 0.0439015606
-1.3326130452 0.0439735894
-1.3326130452 0.0440456182
-1.3326130452 0.0441176471
-1.3326130452 0.0441896759
-1.3326130452 0.0442617047
-1.3326130452 0.0443337335
-1.3326130452 0.0444057623
-1.3326130452 0.0444777911
-1.3325770308 0.0445138055
-1.3325410164 0.0445498199
-1.3325410164 0.0446218487
-1.3325410164 0.0446938776
-1.3325410164 0.0447659064
-1.3325770308 0.0448019208
-1.3326130452 0.0448379352
-1.3326130452 0.0449099640
-1.3326130452 0.0449819928
-1.3326130452 0.0450540216
-1.3326130452 0.0451260504
-1.3325770308 0.0451620648
-1.3325410164 0.0451980792
-1.3325410164 0.0452701080
-1.3325410164 0.0453421369
-1.3325410164 0.0454141657
-1.3325410164 0.0454861945
-1.3325410164 0.0455582233
-1.3325770308 0.0455942377
-1.3326130452 0.0456302521
-1.3326130452 0.0457022809
-1.3326130452 0.0457743097
-1.3326130452 0.0458463385
-1.3325770308 0.0458823529
-1.3325410164 0.0459183673
-1.3325410164 0.0459903962
-1.3325410164 0.0460624250
-1.3325410164 0.0461344538
-1.3325410164 0.0462064826
-1.3325410164 0.0462785114
-1.3325410164 0.0463505402
-1.3325410164 0.0464225690
-1.3325770308 0.0464585834
-1.3326130452 0.0464945978
-1.3326130452 0.0465666267
-1.3325770308 0.0466026411
-1.3325410164 0.0466386555
-1.3325410164 0.0467106843
-1.3325050020 0.0467466987
-1.3324689876 0.0467827131
-1.3324689876 0.0468547419
-1.3324689876 0.0469267707
-1.3324689876 0.0469987995
-1.3324689876 0.0470708283
-1.3324689876 0.0471428571
-1.3325050020 0.0471788715
-1.3325410164 0.0472148860
-1.3325410164 0.0472869148
-1.3325410164 0.0473589436
-1.3325050020 0.0473949580
-1.3324689876 0.0474309724
-1.3324689876 0.0475030012
-1.3324689876 0.0475750300
-1.3324329732 0.0476110444
-1.3323969588 0.0476470588
-1.3323969588 0.0477190876
-1.3324329732 0.0477551020
-1.3324689876 0.0477911164
-1.3324689876 0.0478631453
-1.3324689876 0.0479351741
-1.3324689876 0.0480072029
-1.3325050020 0.0480432173
-1.3325410164 0.0480792317
-1.3325410164 0.0481512605
-1.3325050020 0.0481872749
-1.3324689876 0.0482232893
-1.3324689876 0.0482953181
-1.3324329732 0.0483313325
-1.3323969588 0.0483673469
-1.3323969588 0.0484393758
-1.3323969588 0.0485114046
-1.3323609444 0.0485474190
-1.3323249300 0.0485834334
-1.3323609444 0.0486194478
-1.3323969588 0.0486554622
-1.3323969588 0.0487274910
-1.3324329732 0.0487635054
-1.3324689876 0.0487995198
-1.3324689876 0.0488715486
-1.3324689876 0.0489435774
-1.3324689876 0.0490156062
-1.3324689876 0.0490876351
-1.3324329732 0.0491236495
-1.3323969588 0.0491596639
-1.3323969588 0.0492316927
-1.3323609444 0.0492677071
-1.3323249300 0.0493037215
-1.3323249300 0.0493757503
-1.3323249300 0.0494477791
-1.3323249300 0.0495198079
-1.3323609444 0.0495558223
-1.3323969588 0.0495918367
-1.3323969588 0.0496638655
-1.3324329732 0.0496998800
-1.3324689876 0.0497358944
-1.3324689876 0.0498079232
-1.3324689876 0.0498799520
-1.3324689876 0.0499519808
-1.3324689876 0.0500240096
-1.3324329732 0.0500600240
-1.3323969588 0.0500960384
-1.3323609444 0.0501320528
-1.3323249300 0.0501680672
-1.3323249300 0.0502400960
-1.3322889156 0.0502761104
-1.3322529012 0.0503121248
-1.3322889156 0.0503481393
-1.3323249300 0.0503841537
-1.3323249300 0.0504561825
-1.3323249300 0.0505282113
-1.3323609444 0.0505642257
-1.3323969588 0.0506002401
-1.3323969588 0.0506722689
-1.3323969588 0.0507442977
-1.3323969588 0.0508163265
-1.3323969588 0.0508883553
-1.3323969588 0.0509603842
-1.3323609444 0.0509963986
-1.3323249300 0.0510324130
-1.3322889156 0.0510684274
-1.3322529012 0.0511044418
-1.3322529012 0.0511764706
-1.3322529012 0.0512484994
-1.3322529012 0.0513205282
-1.3322889156 0.0513565426
-1.3323249300 0.0513925570
-1.3323609444 0.0514285714
-1.3323969588 0.0514645858
-1.3323969588 0.0515366146
-1.3323969588 0.0516086435
-1.3324329732 0.0516446579
-1.3324689876 0.0516806723
-1.3324329732 0.0517166867
-1.3323969588 0.0517527011
-1.3323969588 0.0518247299
-1.3323969588 0.0518967587
-1.3323609444 0.0519327731
-1.3323249300 0.0519687875
-1.3322889156 0.0520048019
-1.3322529012 0.0520408163
-1.3322529012 0.0521128451
-1.3322168868 0.0521488595
-1.3321808723 0.0521848739
-1.3321808723 0.0522569028
-1.3322168868 0.0522929172
-1.3322529012 0.0523289316
-1.3322529012 0.0524009604
-1.3322889156 0.0524369748
-1.3323249300 0.0524729892
-1.3323249300 0.0525450180
-1.3323249300 0.0526170468
-1.3323249300 0.0526890756
-1.3323249300 0.0527611044
-1.3323249300 0.0528331333
-1.3323249300 0.0529051621
-1.3322889156 0.0529411765
-1.3322529012 0.0529771909
-1.3322168868 0.0530132053
-1.3321808723 0.0530492197
-1.3321808723 0.0531212485
-1.3321808723 0.0531932773
-1.3321808723 0.0532653061
-1.3321808723 0.0533373349
-1.3322168868 0.0533733493
-1.3322529012 0.0534093637
-1.3322529012 0.0534813926
-1.3322889156 0.0535174070
-1.3323249300 0.0535534214
-1.3323249300 0.0536254502
-1.3323249300 0.0536974790
-1.3322889156 0.0537334934
-1.3322529012 0.0537695078
-1.3322529012 0.0538415366
-1.3322529012 0.0539135654
-1.3322168868 0.0539495798
-1.3321808723 0.0539855942
-1.3321448579 0.0540216086
-1.3321088435 0.0540576230
-1.3320728291 0.0540936375
-1.3320368147 0.0541296519
-1.3320368147 0.0542016807
-1.3320728291 0.0542376951
-1.3321088435 0.0542737095
-1.3321448579 0.0543097239
-1.3321808723 0.0543457383
-1.3322168868 0.0543817527
-1.3322529012 0.0544177671
-1.3322529012 0.0544897959
-1.3322889156 0.0545258103
-1.3323249300 0.0545618247
-1.3323249300 0.0546338535
-1.3323249300 0.0547058824
-1.3323249300 0.0547779112
-1.3322889156 0.0548139256
-1.3322529012 0.0548499400
-1.3322529012 0.0549219688
-1.3322168868 0.0549579832
-1.3321808723 0.0549939976
-1.3321808723 0.0550660264
-1.3321448579 0.0551020408
-1.3321088435 0.0551380552
-1.3320728291 0.0551740696
-1.3320368147 0.0552100840
-1.3320368147 0.0552821128
-1.3320368147 0.0553541417
-1.3320728291 0.0553901561
-1.3321088435 0.0554261705
-1.3321088435 0.0554981993
-1.3321448579 0.0555342137
-1.3321808723 0.0555702281
-1.3322168868 0.0556062425
-1.3322529012 0.0556422569
-1.3322529012 0.0557142857
-1.3322529012 0.0557863145
-1.3322529012 0.0558583433
-1.3322529012 0.0559303721
-1.3322529012 0.0560024010
-1.3322168868 0.0560384154
-1.3321808723 0.0560744298
-1.3321448579 0.0561104442
-1.3321088435 0.0561464586
-1.3320728291 0.0561824730
-1.3320368147 0.0562184874
-1.3320008003 0.0562545018
-1.3319647859 0.0562905162
-1.3319647859 0.0563625450
-1.3319647859 0.0564345738
-1.3319647859 0.0565066026
-1.3320008003 0.0565426170
-1.3320368147 0.0565786315
-1.3320728291 0.0566146459
-1.3321088435 0.0566506603
-1.3321088435 0.0567226891
-1.3321448579 0.0567587035
-1.3321808723 0.0567947179
-1.3321808723 0.0568667467
-1.3321808723 0.0569387755
-1.3321808723 0.0570108043
-1.3321808723 0.0570828331
-1.3321808723 0.0571548619
-1.3321448579 0.0571908764
-1.3321088435 0.0572268908
-1.3321088435 0.0572989196
-1.3320728291 0.0573349340
-1.3320368147 0.0573709484
-1.3320008003 0.0574069628
-1.3319647859 0.0574429772
-1.3319287715 0.0574789916
-1.3318927571 0.0575150060
-1.3318927571 0.0575870348
-1.3319287715 0.0576230492
-1.3319647859 0.0576590636
-1.3320008003 0.0576950780
-1.3320368147 0.0577310924
-1.3320368147 0.0578031212
-1.3320728291 0.0578391357
-1.3321088435 0.0578751501
-1.3321088435 0.0579471789
-1.3321088435 0.0580192077
-1.3321448579 0.0580552221
-1.3321808723 0.0580912365
-1.3321808723 0.0581632653
-1.3321808723 0.0582352941
-1.3321808723 0.0583073229
-1.3321448579 0.0583433373
-1.3321088435 0.0583793517
-1.3321088435 0.0584513806
-1.3320728291 0.0584873950
-1.3320368147 0.0585234094
-1.3320008003 0.0585594238
-1.3319647859 0.0585954382
-1.3319287715 0.0586314526
-1.3318927571 0.0586674670
-1.3318567427 0.0587034814
-1.3318207283 0.0587394958
-1.3318207283 0.0588115246
-1.3318567427 0.0588475390
-1.3318927571 0.0588835534
-1.3318927571 0.0589555822
-1.3319287715 0.0589915966
-1.3319647859 0.0590276110
-1.3320008003 0.0590636255
-1.3320368147 0.0590996399
-1.3320368147 0.0591716687
-1.3320368147 0.0592436975
-1.3320368147 0.0593157263
-1.3320368147 0.0593877551
-1.3320368147 0.0594597839
-1.3320368147 0.0595318127
-1.3320368147 0.0596038415
-1.3320368147 0.0596758703
-1.3320008003 0.0597118848
-1.3319647859 0.0597478992
-1.3319287715 0.0597839136
-1.3318927571 0.0598199280
-1.3318567427 0.0598559424
-1.3318207283 0.0598919568
-1.3317847139 0.0599279712
-1.3317486995 0.0599639856
-1.3317486995 0.0600360144
-1.3317847139 0.0600720288
-1.3318207283 0.0601080432
-1.3318207283 0.0601800720
-1.3318567427 0.0602160864
-1.3318927571 0.0602521008
-1.3319287715 0.0602881152
-1.3319647859 0.0603241297
-1.3320008003 0.0603601441
-1.3320368147 0.0603961585
-1.3320368147 0.0604681873
-1.3320368147 0.0605402161
-1.3320368147 0.0606122449
-1.3320368147 0.0606842737
-1.3320368147 0.0607563025
-1.3320368147 0.0608283313
-1.3320368147 0.0609003601
-1.3320008003 0.0609363745
-1.3319647859 0.0609723890
-1.3319647859 0.0610444178
-1.3319287715 0.0610804322
-1.3318927571 0.0611164466
-1.3318567427 0.0611524610
-1.3317847139 0.0611524610
-1.3317486995 0.0611884754
-1.3317126851 0.0612244898
-1.3316766707 0.0612605042
-1.3316766707 0.0613325330
-1.3316766707 0.0614045618
-1.3317126851 0.0614405762
-1.3317486995 0.0614765906
-1.3317847139 0.0615126050
-1.3318207283 0.0615486194
-1.3318567427 0.0615846339
-1.3318927571 0.0616206483
-1.3318927571 0.0616926771
-1.3319287715 0.0617286915
-1.3319647859 0.0617647059
-1.3319647859 0.0618367347
-1.3319647859 0.0619087635
-1.3319647859 0.0619807923
-1.3319647859 0.0620528211
-1.3319647859 0.0621248499
-1.3319647859 0.0621968788
-1.3319647859 0.0622689076
-1.3319287715 0.0623049220
-1.3318927571 0.0623409364
-1.3318927571 0.0624129652
-1.3318567427 0.0624489796
-1.3318207283 0.0624849940
-1.3317847139 0.0625210084
-1.3317126851 0.0625210084
-1.3316766707 0.0625570228
-1.3316406563 0.0625930372
-1.3316046419 0.0626290516
-1.3316046419 0.0627010804
-1.3316046419 0.0627731092
-1.3316046419 0.0628451381
-1.3316406563 0.0628811525
-1.3316766707 0.0629171669
-1.3317126851 0.0629531813
-1.3317486995 0.0629891957
-1.3317847139 0.0630252101
-1.3318207283 0.0630612245
-1.3318567427 0.0630972389
-1.3318927571 0.0631332533
-1.3318927571 0.0632052821
-1.3319287715 0.0632412965
-1.3319647859 0.0632773109
-1.3319647859 0.0633493397
-1.3319647859 0.0634213685
-1.3319647859 0.0634933974
-1.3319287715 0.0635294118
-1.3318927571 0.0635654262
-1.3318927571 0.0636374550
-1.3318927571 0.0637094838
-1.3318567427 0.0637454982
-1.3318207283 0.0637815126
-1.3318207283 0.0638535414
-1.3317847139 0.0638895558
-1.3317126851 0.0638895558
-1.3316766707 0.0639255702
-1.3316406563 0.0639615846
-1.3316046419 0.0639975990
-1.3315686275 0.0640336134
-1.3315326130 0.0640696279
-1.3314965986 0.0641056423
-1.3314605842 0.0641416567
-1.3314965986 0.0641776711
-1.3315326130 0.0642136855
-1.3315326130 0.0642857143
-1.3315686275 0.0643217287
-1.3316046419 0.0643577431
-1.3316406563 0.0643937575
-1.3316766707 0.0644297719
-1.3317126851 0.0644657863
-1.3317486995 0.0645018007
-1.3317847139 0.0645378151
-1.3318207283 0.0645738295
-1.3318207283 0.0646458583
-1.3318207283 0.0647178872
-1.3318207283 0.0647899160
-1.3318207283 0.0648619448
-1.3318207283 0.0649339736
-1.3318207283 0.0650060024
-1.3318207283 0.0650780312
-1.3318207283 0.0651500600
-1.3318207283 0.0652220888
-1.3317847139 0.0652581032
-1.3317486995 0.0652941176
-1.3317126851 0.0653301321
-1.3316766707 0.0653661465
-1.3316406563 0.0654021609
-1.3316046419 0.0654381753
-1.3315686275 0.0654741897
-1.3314965986 0.0654741897
-1.3314605842 0.0655102041
-1.3314245698 0.0655462185
-1.3313885554 0.0655822329
-1.3313885554 0.0656542617
-1.3313885554 0.0657262905
-1.3314245698 0.0657623049
-1.3314605842 0.0657983193
-1.3314965986 0.0658343337
-1.3315326130 0.0658703481
-1.3315686275 0.0659063625
-1.3316046419 0.0659423770
-1.3316406563 0.0659783914
-1.3317126851 0.0659783914
-1.3317486995 0.0660144058
-1.3317486995 0.0660864346
-1.3317847139 0.0661224490
-1.3318207283 0.0661584634
-1.3318207283 0.0662304922
-1.3318207283 0.0663025210
-1.3318207283 0.0663745498
-1.3318207283 0.0664465786
-1.3318207283 0.0665186074
-1.3318207283 0.0665906363
-1.3318207283 0.0666626651
-1.3318207283 0.0667346939
-1.3317847139 0.0667707083
-1.3317486995 0.0668067227
-1.3317486995 0.0668787515
-1.3317126851 0.0669147659
-1.3316406563 0.0669147659
-1.3316046419 0.0669507803
-1.3315686275 0.0669867947
-1.3314965986 0.0669867947
-1.3314605842 0.0670228091
-1.3314245698 0.0670588235
-1.3313885554 0.0670948379
-1.3313525410 0.0671308523
-1.3312805122 0.0671308523
-1.3312444978 0.0671668667
-1.3312444978 0.0672388956
-1.3312444978 0.0673109244
-1.3312805122 0.0673469388
-1.3313165266 0.0673829532
-1.3313525410 0.0674189676
-1.3313885554 0.0674549820
-1.3314245698 0.0674909964
-1.3314965986 0.0674909964
-1.3315326130 0.0675270108
-1.3315686275 0.0675630252
-1.3316406563 0.0675630252
-1.3316766707 0.0675990396
-1.3316766707 0.0676710684
-1.3317126851 0.0677070828
-1.3317486995 0.0677430972
-1.3317486995 0.0678151261
-1.3317486995 0.0678871549
-1.3317486995 0.0679591837
-1.3317486995 0.0680312125
-1.3317486995 0.0681032413
-1.3317486995 0.0681752701
-1.3317486995 0.0682472989
-1.3317486995 0.0683193277
-1.3317126851 0.0683553421
-1.3316766707 0.0683913565
-1.3316766707 0.0684633854
-1.3316406563 0.0684993998
-1.3316046419 0.0685354142
-1.3315686275 0.0685714286
-1.3315326130 0.0686074430
-1.3314965986 0.0686434574
-1.3314245698 0.0686434574
-1.3313885554 0.0686794718
-1.3313525410 0.0687154862
-1.3312805122 0.0687154862
-1.3312444978 0.0687515006
-1.3312084834 0.0687875150
-1.3311724690 0.0688235294
-1.3311724690 0.0688955582
-1.3311724690 0.0689675870
-1.3312084834 0.0690036014
-1.3312444978 0.0690396158
-1.3312444978 0.0691116447
-1.3312805122 0.0691476591
-1.3313525410 0.0691476591
-1.3313885554 0.0691836735
-1.3314245698 0.0692196879
-1.3314605842 0.0692557023
-1.3314965986 0.0692917167
-1.3315326130 0.0693277311
-1.3315686275 0.0693637455
-1.3316046419 0.0693997599
-1.3316046419 0.0694717887
-1.3316046419 0.0695438175
-1.3316046419 0.0696158463
-1.3316046419 0.0696878752
-1.3316046419 0.0697599040
-1.3316046419 0.0698319328
-1.3316406563 0.0698679472
-1.3316766707 0.0699039616
-1.3316766707 0.0699759904
-1.3316766707 0.0700480192
-1.3316766707 0.0701200480
-1.3316406563 0.0701560624
-1.3316046419 0.0701920768
-1.3316046419 0.0702641056
-1.3315686275 0.0703001200
-1.3315326130 0.0703361345
-1.3314965986 0.0703721489
-1.3314245698 0.0703721489
-1.3313525410 0.0703721489
-1.3313165266 0.0704081633
-1.3312805122 0.0704441777
-1.3312084834 0.0704441777
-1.3311364546 0.0704441777
-1.3311004402 0.0704801921
-1.3310644258 0.0705162065
-1.3310284114 0.0705522209
-1.3310284114 0.0706242497
-1.3310284114 0.0706962785
-1.3310644258 0.0707322929
-1.3311004402 0.0707683073
-1.3311004402 0.0708403361
-1.3311364546 0.0708763505
-1.3312084834 0.0708763505
-1.3312444978 0.0709123649
-1.3312805122 0.0709483794
-1.3313525410 0.0709483794
-1.3313885554 0.0709843938
-1.3314245698 0.0710204082
-1.3314605842 0.0710564226
-1.3314965986 0.0710924370
-1.3315326130 0.0711284514
-1.3315686275 0.0711644658
-1.3316046419 0.0712004802
-1.3316046419 0.0712725090
-1.3316046419 0.0713445378
-1.3316046419 0.0714165666
-1.3315686275 0.0714525810
-1.3315326130 0.0714885954
-1.3315326130 0.0715606242
-1.3315326130 0.0716326531
-1.3315326130 0.0717046819
-1.3315326130 0.0717767107
-1.3315326130 0.0718487395
-1.3315326130 0.0719207683
-1.3314965986 0.0719567827
-1.3314605842 0.0719927971
-1.3314605842 0.0720648259
-1.3314245698 0.0721008403
-1.3313525410 0.0721008403
-1.3313165266 0.0721368547
-1.3312805122 0.0721728691
-1.3312084834 0.0721728691
-1.3311364546 0.0721728691
-1.3311004402 0.0722088836
-1.3310644258 0.0722448980
-1.3310284114 0.0722809124
-1.3309923970 0.0723169268
-1.3309563826 0.0723529412
-1.3309203681 0.0723889556
-1.3308843537 0.0724249700
-1.3309203681 0.0724609844
-1.3309563826 0.0724969988
-1.3309563826 0.0725690276
-1.3309923970 0.0726050420
-1.3310284114 0.0726410564
-1.3310644258 0.0726770708
-1.3311004402 0.0727130852
-1.3311364546 0.0727490996
-1.3311724690 0.0727851140
-1.3312084834 0.0728211285
-1.3312805122 0.0728211285
-1.3313165266 0.0728571429
-1.3313525410 0.0728931573
-1.3313885554 0.0729291717
-1.3314245698 0.0729651861
-1.3314605842 0.0730012005
-1.3314605842 0.0730732293
-1.3314605842 0.0731452581
-1.3314605842 0.0732172869
-1.3314605842 0.0732893157
-1.3314245698 0.0733253301
-1.3313885554 0.0733613445
-1.3313885554 0.0734333733
-1.3313885554 0.0735054022
-1.3313885554 0.0735774310
-1.3314245698 0.0736134454
-1.3314605842 0.0736494598
-1.3314605842 0.0737214886
-1.3314605842 0.0737935174
-1.3314605842 0.0738655462
-1.3314245698 0.0739015606
-1.3313885554 0.0739375750
-1.3313885554 0.0740096038
-1.3313525410 0.0740456182
-1.3312805122 0.0740456182
-1.3312444978 0.0740816327
-1.3312084834 0.0741176471
-1.3311364546 0.0741176471
-1.3311004402 0.0741536615
-1.3310644258 0.0741896759
-1.3309923970 0.0741896759
-1.3309203681 0.0741896759
-1.3308843537 0.0742256903
-1.3308483393 0.0742617047
-1.3308123249 0.0742977191
-1.3308123249 0.0743697479
-1.3308123249 0.0744417767
-1.3308483393 0.0744777911
-1.3308843537 0.0745138055
-1.3308843537 0.0745858343
-1.3309203681 0.0746218487
-1.3309563826 0.0746578631
-1.3309923970 0.0746938776
-1.3310644258 0.0746938776
-1.3311004402 0.0747298920
-1.3311364546 0.0747659064
-1.3312084834 0.0747659064
-1.3312444978 0.0748019208
-1.3312805122 0.0748379352
-1.3313525410 0.0748379352
-1.3313885554 0.0748739496
-1.3313885554 0.0749459784
-1.3314245698 0.0749819928
-1.3314605842 0.0750180072
-1.3314605842 0.0750900360
-1.3314245698 0.0751260504
-1.3313885554 0.0751620648
-1.3313885554 0.0752340936
-1.3313885554 0.0753061224
-1.3313885554 0.0753781513
-1.3313885554 0.0754501801
-1.3313885554 0.0755222089
-1.3313885554 0.0755942377
-1.3313885554 0.0756662665
-1.3313885554 0.0757382953
-1.3313525410 0.0757743097
-1.3313165266 0.0758103241
-1.3313165266 0.0758823529
-1.3313165266 0.0759543818
-1.3312805122 0.0759903962
-1.3312084834 0.0759903962
-1.3311724690 0.0760264106
-1.3311364546 0.0760624250
-1.3311004402 0.0760984394
-1.3310644258 0.0761344538
-1.3309923970 0.0761344538
-1.3309203681 0.0761344538
-1.3308843537 0.0761704682
-1.3308483393 0.0762064826
-1.3307763105 0.0762064826
-1.3307402961 0.0762424970
-1.3307042817 0.0762785114
-1.3306682673 0.0763145258
-1.3306682673 0.0763865546
-1.3306682673 0.0764585834
-1.3306682673 0.0765306122
-1.3307042817 0.0765666267
-1.3307402961 0.0766026411
-1.3307402961 0.0766746699
-1.3307763105 0.0767106843
-1.3308123249 0.0767466987
-1.3308483393 0.0767827131
-1.3308843537 0.0768187275
-1.3309203681 0.0768547419
-1.3309923970 0.0768547419
-1.3310284114 0.0768907563
-1.3310644258 0.0769267707
-1.3311004402 0.0769627851
-1.3311364546 0.0769987995
-1.3311724690 0.0770348139
-1.3311724690 0.0771068427
-1.3312084834 0.0771428571
-1.3312444978 0.0771788715
-1.3312444978 0.0772509004
-1.3312444978 0.0773229292
-1.3312084834 0.0773589436
-1.3311724690 0.0773949580
-1.3311724690 0.0774669868
-1.3311724690 0.0775390156
-1.3312084834 0.0775750300
-1.3312444978 0.0776110444
-1.3312444978 0.0776830732
-1.3312444978 0.0777551020
-1.3312444978 0.0778271309
-1.3312444978 0.0778991597
-1.3312444978 0.0779711885
-1.3312444978 0.0780432173
-1.3312084834 0.0780792317
-1.3311724690 0.0781152461
-1.3311364546 0.0781512605
-1.3311004402 0.0781872749
-1.3310644258 0.0782232893
-1.3309923970 0.0782232893
-1.3309203681 0.0782232893
-1.3308483393 0.0782232893
-1.3308123249 0.0782593037
-1.3307763105 0.0782953181
-1.3307042817 0.0782953181
-1.3306682673 0.0783313325
-1.3306322529 0.0783673469
-1.3305962385 0.0784033613
-1.3305602241 0.0784393758
-1.3305242097 0.0784753902
-1.3304881953 0.0785114046
-1.3304521809 0.0785474190
-1.3304881953 0.0785834334
-1.3305242097 0.0786194478
-1.3305242097 0.0786914766
-1.3305242097 0.0787635054
-1.3305602241 0.0787995198
-1.3305962385 0.0788355342
-1.3306322529 0.0788715486
-1.3306682673 0.0789075630
-1.3307042817 0.0789435774
-1.3307763105 0.0789435774
-1.3308123249 0.0789795918
-1.3308483393 0.0790156062
-1.3309203681 0.0790156062
-1.3309923970 0.0790156062
-1.3310284114 0.0790516206
-1.3310644258 0.0790876351
-1.3311364546 0.0790876351
-1.3311724690 0.0791236495
-1.3311724690 0.0791956783
-1.3311724690 0.0792677071
-1.3311724690 0.0793397359
-1.3311724690 0.0794117647
-1.3311724690 0.0794837935
-1.3311364546 0.0795198079
-1.3311004402 0.0795558223
-1.3311004402 0.0796278511
-1.3310644258 0.0796638655
-1.3310284114 0.0796998800
-1.3310284114 0.0797719088
-1.3310284114 0.0798439376
-1.3310644258 0.0798799520
-1.3311004402 0.0799159664
-1.3311004402 0.0799879952
-1.3311004402 0.0800600240
-1.3311004402 0.0801320528
-1.3311004402 0.0802040816
-1.3311004402 0.0802761104
-1.3311004402 0.0803481393
-1.3310644258 0.0803841537
-1.3310284114 0.0804201681
-1.3309923970 0.0804561825
-1.3309203681 0.0804561825
-1.3308483393 0.0804561825
-1.3307763105 0.0804561825
-1.3307402961 0.0804921969
-1.3307042817 0.0805282113
-1.3306322529 0.0805282113
-1.3305602241 0.0805282113
-1.3305242097 0.0805642257
-1.3304881953 0.0806002401
-1.3304521809 0.0806362545
-1.3304161665 0.0806722689
-1.3303801521 0.0807082833
-1.3303441377 0.0807442977
-1.3303081232 0.0807803121
-1.3303081232 0.0808523409
-1.3303081232 0.0809243697
-1.3303441377 0.0809603842
-1.3303801521 0.0809963986
-1.3303801521 0.0810684274
-1.3304161665 0.0811044418
-1.3304521809 0.0811404562
-1.3304881953 0.0811764706
-1.3305242097 0.0812124850
-1.3305602241 0.0812484994
-1.3306322529 0.0812484994
-1.3307042817 0.0812484994
-1.3307402961 0.0812845138
-1.3307763105 0.0813205282
-1.3308483393 0.0813205282
-1.3309203681 0.0813205282
-1.3309563826 0.0813565426
-1.3309923970 0.0813925570
-1.3310284114 0.0814285714
-1.3310284114 0.0815006002
-1.3310644258 0.0815366146
-1.3311004402 0.0815726291
-1.3311004402 0.0816446579
-1.3310644258 0.0816806723
-1.3310284114 0.0817166867
-1.3310284114 0.0817887155
-1.3310284114 0.0818607443
-1.3309923970 0.0818967587
-1.3309563826 0.0819327731
-1.3309563826 0.0820048019
-1.3309203681 0.0820408163
-1.3308843537 0.0820768307
-1.3308843537 0.0821488595
-1.3309203681 0.0821848739
-1.3309563826 0.0822208884
-1.3309563826 0.0822929172
-1.3309563826 0.0823649460
-1.3309563826 0.0824369748
-1.3309923970 0.0824729892
-1.3310284114 0.0825090036
-1.3310284114 0.0825810324
-1.3309923970 0.0826170468
-1.3309563826 0.0826530612
-1.3309563826 0.0827250900
-1.3309203681 0.0827611044
-1.3308843537 0.0827971188
-1.3308483393 0.0828331333
-1.3307763105 0.0828331333
-1.3307042817 0.0828331333
-1.3306322529 0.0828331333
-1.3305602241 0.0828331333
-1.3305242097 0.0828691477
-1.3304881953 0.0829051621
-1.3304161665 0.0829051621
-1.3303441377 0.0829051621
-1.3303081232 0.0829411765
-1.3302721088 0.0829771909
-1.3302360944 0.0830132053
-1.3302000800 0.0830492197
-1.3301640656 0.0830852341
-1.3301280512 0.0831212485
-1.3300920368 0.0831572629
-1.3300920368 0.0832292917
-1.3300920368 0.0833013205
-1.3301280512 0.0833373349
-1.3301640656 0.0833733493
-1.3301640656 0.0834453782
-1.3302000800 0.0834813926
-1.3302360944 0.0835174070
-1.3302360944 0.0835894358
-1.3302721088 0.0836254502
-1.3303081232 0.0836614646
-1.3303441377 0.0836974790
-1.3304161665 0.0836974790
-1.3304881953 0.0836974790
-1.3305602241 0.0836974790
-1.3306322529 0.0836974790
-1.3306682673 0.0837334934
-1.3307042817 0.0837695078
-1.3307763105 0.0837695078
-1.3308123249 0.0838055222
-1.3308483393 0.0838415366
-1.3308843537 0.0838775510
-1.3308843537 0.0839495798
-1.3309203681 0.0839855942
-1.3309563826 0.0840216086
-1.3309563826 0.0840936375
-1.3309563826 0.0841656663
-1.3309203681 0.0842016807
-1.3308843537 0.0842376951
-1.3308843537 0.0843097239
-1.3308843537 0.0843817527
-1.3308483393 0.0844177671
-1.3308123249 0.0844537815
-1.3308123249 0.0845258103
-1.3307763105 0.0845618247
-1.3307402961 0.0845978391
-1.3307763105 0.0846338535
-1.3308123249 0.0846698679
-1.3308123249 0.0847418968
-1.3308123249 0.0848139256
-1.3308123249 0.0848859544
-1.3308123249 0.0849579832
-1.3308483393 0.0849939976
-1.3308843537 0.0850300120
-1.3308843537 0.0851020408
-1.3308483393 0.0851380552
-1.3308123249 0.0851740696
-1.3308123249 0.0852460984
-1.3307763105 0.0852821128
-1.3307402961 0.0853181273
-1.3307042817 0.0853541417
-1.3306322529 0.0853541417
-1.3305962385 0.0853901561
-1.3305602241 0.0854261705
-1.3304881953 0.0854261705
-1.3304161665 0.0854261705
-1.3303441377 0.0854261705
-1.3302721088 0.0854261705
-1.3302000800 0.0854261705
-1.3301640656 0.0854621849
-1.3301280512 0.0854981993
-1.3300560224 0.0854981993
-1.3300200080 0.0855342137
-1.3299839936 0.0855702281
-1.3299479792 0.0856062425
-1.3299119648 0.0856422569
-1.3298759504 0.0856782713
-1.3298759504 0.0857503001
-1.3298759504 0.0858223289
-1.3298759504 0.0858943577
-1.3298759504 0.0859663866
-1.3299119648 0.0860024010
-1.3299479792 0.0860384154
-1.3299479792 0.0861104442
-1.3299839936 0.0861464586
-1.3300200080 0.0861824730
-1.3300560224 0.0862184874
-1.3300920368 0.0862545018
-1.3301280512 0.0862905162
-1.3302000800 0.0862905162
-1.3302721088 0.0862905162
-1.3303441377 0.0862905162
-1.3304161665 0.0862905162
-1.3304881953 0.0862905162
-1.3305242097 0.0863265306
-1.3305602241 0.0863625450
-1.3306322529 0.0863625450
-1.3306682673 0.0863985594
-1.3307042817 0.0864345738
-1.3307402961 0.0864705882
-1.3307402961 0.0865426170
-1.3307763105 0.0865786315
-1.3308123249 0.0866146459
-1.3307763105 0.0866506603
-1.3307402961 0.0866866747
-1.3307402961 0.0867587035
-1.3307402961 0.0868307323
-1.3307402961 0.0869027611
-1.3307042817 0.0869387755
-1.3306682673 0.0869747899
-1.3306682673 0.0870468187
-1.3306322529 0.0870828331
-1.3305962385 0.0871188475
-1.3305962385 0.0871908764
-1.3305962385 0.0872629052
-1.3305962385 0.0873349340
-1.3306322529 0.0873709484
-1.3306682673 0.0874069628
-1.3306682673 0.0874789916
-1.3306682673 0.0875510204
-1.3307042817 0.0875870348
-1.3307402961 0.0876230492
-1.3307402961 0.0876950780
-1.3307402961 0.0877671068
-1.3307402961 0.0878391357
-1.3307402961 0.0879111645
-1.3307042817 0.0879471789
-1.3306682673 0.0879831933
-1.3306322529 0.0880192077
-1.3305962385 0.0880552221
-1.3305602241 0.0880912365
-1.3304881953 0.0880912365
-1.3304161665 0.0880912365
-1.3303441377 0.0880912365
-1.3302721088 0.0880912365
-1.3302000800 0.0880912365
-1.3301280512 0.0880912365
-1.3300560224 0.0880912365
-1.3300200080 0.0881272509
-1.3299839936 0.0881632653
-1.3299119648 0.0881632653
-1.3298759504 0.0881992797
-1.3298399360 0.0882352941
-1.3298039216 0.0882713085
-1.3297679072 0.0883073229
-1.3297318928 0.0883433373
-1.3296958784 0.0883793517
-1.3296598639 0.0884153661
-1.3296598639 0.0884873950
-1.3296598639 0.0885594238
-1.3296958784 0.0885954382
-1.3297318928 0.0886314526
-1.3297318928 0.0887034814
-1.3297679072 0.0887394958
-1.3298039216 0.0887755102
-1.3298039216 0.0888475390
-1.3298039216 0.0889195678
-1.3298399360 0.0889555822
-1.3298759504 0.0889915966
-1.3299119648 0.0890276110
-1.3299839936 0.0890276110
-1.3300200080 0.0890636255
-1.3300560224 0.0890996399
-1.3301280512 0.0890996399
-1.3302000800 0.0890996399
-1.3302721088 0.0890996399
-1.3303441377 0.0890996399
-1.3304161665 0.0890996399
-1.3304881953 0.0890996399
-1.3305242097 0.0891356543
-1.3305602241 0.0891716687
-1.3305962385 0.0892076831
-1.3305962385 0.0892797119
-1.3305962385 0.0893517407
-1.3305962385 0.0894237695
-1.3305962385 0.0894957983
-1.3305962385 0.0895678271
-1.3305962385 0.0896398559
-1.3305602241 0.0896758703
-1.3305242097 0.0897118848
-1.3305242097 0.0897839136
-1.3304881953 0.0898199280
-1.3304521809 0.0898559424
-1.3304161665 0.0898919568
-1.3303801521 0.0899279712
-1.3303441377 0.0899639856
-1.3303081232 0.0900000000
-1.3177751100 0.0900000000
